1.604939199
3.172364476
2.159165357
1.89959776
1.409310422
1.532432378
1.585229439
1.415400029
1.438851635
1.506861484
1.439859447
1.350477284
1.135369604
1.11515568
1.012317715
1.124356887
1.031844337
1.068947823
1.05188008
1.040178353
1.030206882
0.872244441
0.888691585
0.937563023
0.825471593
0.806375116
0.646455355
0.66857348
0.694513549
0.671518591
0.710090343
0.696674085
0.641282711
0.583116248
0.605058505
0.608126031
0.660241613
0.578984242
0.575424044
0.572152754
0.567561992
0.56401715
0.55504196
0.80138951
0.743325113
0.704814654
0.787866086
0.701380784
0.691529346
0.729821994
0.796788027
0.808651023
0.82213781
0.802732698
0.801582993
0.719747306
0.707880938
0.679555951
0.681484599
0.67731745
0.661222459
0.625675281
0.570949032
0.572019167
0.574139921
0.575261233
0.541431193
0.520963405
0.523192661
0.437601786
0.399293462
0.42268227
0.404169748
0.391978931
0.391570039
0.369631303
0.34648838
0.392684969
0.347854139
0.370783079
0.376735394
0.367072017
0.364862073
0.347751692
0.320941672
0.318470465
0.321796126
0.328686744
0.321263147
0.320245577
0.335314406
0.313907504
0.312198047
0.316826507
0.30209806
0.268637091
0.199093683
0.204968623
0.190879727
0.189630956
0.203391344
0.224722501
0.250774477
0.232679023
0.229636461
0.230573535
0.228679443
0.223761532
0.212759909
0.217862812
0.230087452
0.23971907
0.253196501
0.253108877
0.256966901
0.250336222
0.267808567
0.248409534
0.228900066
0.236698639
0.2271595
0.224216666
0.223926241
0.227485106
0.225122623
0.21030891
0.202433649
0.212660986
0.215920597
0.216894523
0.233305776
0.231451749
0.218302964
0.220764373
0.258923612
0.259040997
0.264559123
0.257659278
0.286996823
0.285502891
0.272420268
0.258852277
0.26052526
0.268405327
0.278416369
0.273658912
0.286802915
0.279355075
0.268780228
0.271057965
0.269816533
0.251520671
0.243564924
0.249763337
0.240242796
0.219420841
0.224745257
0.203505302
0.206145598
0.218615419
0.224915604
0.26429772
0.278705381
0.267640085
0.262561182
0.279009408
0.282426034
0.26827377
0.263265062
0.264601345
0.273657919
0.291922186
0.297325969
0.273841845
0.284910704
0.27486711
0.272582596
0.253499828
0.264247339
0.245075452
0.220515853
0.244547709
0.23009866
0.239299488
0.239765923
0.249050459
0.239961277
0.231852472
0.22734029
0.237440877
0.228881898
0.23372791
0.232348707
0.223841212
0.216964271
0.219713534
0.213345677
0.225873182
0.234283552
0.229890362
0.239859605
0.230967595
0.227962196
0.22234584
0.226420573
0.225943452
0.22674308
0.227063839
0.230231059
0.248018358
0.240220282
0.260504112
0.259036756
0.239515569
0.237277361
0.248629232
0.246287001
0.234724239
0.231995956
0.234352112
0.237035293
0.23908745
0.243562143
0.240105152
0.241868183
0.246570951
0.24818051
0.253658134
0.262911244
0.281222435
0.27611137
0.286877268
0.313285842
0.30694023
0.341656907
0.361979172
0.369178669
0.389242707
0.348289053
0.366204556
0.33374704
0.34195192
0.32989001
0.34926879
0.357100111
0.437736099
0.420559015
0.448020595
0.462150545
0.491754918
0.39579968
0.368924092
0.374801665
0.350111354
0.332064321
0.319096692
0.37421083
0.369571693
0.394113736
0.38124128
0.374918531
0.340894859
0.294670095
0.276962016
0.282309909
0.270478976
0.139988164
0.153310311
0.149660062
0.149256545
0.127850514
0.139948559
0.138871429
0.158152636
0.158438451
0.153336276
0.146880079
0.158449356
0.159815772
0.154095253
0.158696843
0.156447857
0.149268605
0.143757751
0.153444115
0.154283157
0.155940314
0.157527632
0.159252743
0.174842666
0.17168313
0.18648302
0.183650323
0.202425998
0.201193378
0.178827106
0.180340109
0.178076421
0.175210111
0.178511379
0.168575265
0.184151971
0.190035223
0.199484255
0.191612283
0.178682813
0.179209441
0.183630075
0.192959628
0.20750969
0.210319671
0.223931669
0.215310966
0.218340682
0.228020269
0.21128097
0.21485303
0.219225628
0.208112647
0.205475504
0.208821715
0.197388295
0.202935022
0.216272678
0.212736914
0.192533079
0.186455022
0.195864263
0.196997683
0.19746969
0.192002199
0.196962994
0.198318594
0.200371397
0.1998878
0.208941499
0.192259758
0.202307597
0.202064161
0.196827827
0.210678445
0.217819603
0.220234946
0.22658197
0.228321374
0.242796394
0.233768658
0.248998733
0.245896743
0.241819234
0.237765472
0.231004516
0.237547971
0.232163472
0.234617612
0.240977624
0.246042643
0.233490896
0.230655958
0.233067962
0.232597272
0.226997526
0.235447354
0.24384056
0.2399662
0.232879524
0.231182684
0.231305423
0.238819767
0.248341297
0.238885325
0.235750202
0.221749687
0.204248049
0.206252855
0.212518189
0.207054636
0.212971866
0.203544743
0.202836492
0.215623086
0.213527621
0.228747877
0.231182362
0.24672939
0.242933337
0.251149402
0.27911112
0.278100711
0.265992637
0.27330157
0.289951284
0.352085581
0.349601512
0.354121864
0.388689221
0.36034841
0.345940891
0.346173358
0.32857137
0.312803388
0.319617024
0.321389082
0.28795378
0.312164415
0.307453866
0.333662377
0.325829264
0.327536656
0.30145256
0.308865343
0.325980538
0.333799896
0.364060063
0.365264571
0.452468675
0.424668099
0.468501173
0.438575085
0.540246069
0.6541421
0.638437502
0.638474462
0.635757952
0.593843696
0.558881903
0.593011647
0.629269575
0.532526965
0.566670956
0.617386516
0.633363219
0.567399022
0.548650837
0.52122579
0.53439981
0.534546005
0.517901462
0.506244614
0.515173957
0.468217903
0.352110557
0.375291052
0.342872609
0.376142665
0.370294386
0.350743827
0.412125017
0.413739692
0.409223391
0.410481192
0.377967388
0.383653461
0.353844475
0.357879593
0.357709911
0.335101379
0.340663318
0.325551194
0.288991761
0.305553758
0.270773126
0.293520973
0.316734375
0.325230503
0.31456432
0.326658258
0.33498568
0.345263379
0.333753248
0.316859238
0.315868461
0.312718926
0.319416445
0.285249656
0.3042591
0.307548656
0.328572298
0.327753722
0.328137717
0.344925295
0.342110801
0.329213113
0.313533914
0.298868449
0.312513953
0.314542499
0.303217131
0.287810678
0.30098873
0.314584085
0.308135074
0.308511752
0.303023364
0.290343387
0.286822936
0.275419567
0.256467892
0.254373351
0.247647175
0.256560483
0.245186177
0.231314425
0.239382861
0.247329679
0.27679951
0.257634648
0.267389817
0.260223072
0.287050676
0.277551305
0.266310282
0.280520697
0.265615742
0.256046646
0.26947767
0.273074529
0.266916926
0.264449521
0.284461273
0.314811291
0.297978275
0.333138492
0.355370338
0.345300472
0.300423029
0.298827626
0.31235069
0.317608187
0.326222606
0.309738214
0.341547415
0.340654091
0.328355997
0.34376797
0.335795818
0.331410944
0.300170405
0.306217893
0.293996655
0.290962608
0.309512579
0.308395284
0.312346702
0.326258402
0.339485467
0.333284719
0.353244156
0.355789964
0.339730545
0.326969241
0.335894863
0.291371466
0.3149662
0.309389486
0.308927306
0.32050454
0.356425067
0.347149728
0.335254478
0.331209883
0.399428307
0.40729625
0.417304858
0.421887537
0.48366078
0.510081347
0.463303752
0.454924755
0.487757108
0.463220146
0.416298271
0.396426504
0.453455819
0.452352665
0.489045813
0.515000779
0.571806713
0.563460504
0.524847835
0.546320341
0.463163436
0.511316565
0.557615594
0.562474089
0.557714745
0.597731409
0.54314375
0.558726442
0.642914702
0.65895489
0.648142481
0.642266982
0.65144863
0.741676925
0.70700237
0.833507115
0.809920922
0.843891288
1.009342774
1.028787406
1.031826005
1.244488989
1.701046352
1.669753147
1.472431363
1.346957722
1.310624071
1.364522709
1.399704025
1.379742411
1.317573999
1.312026397
1.151368622
1.005774571
1.068809783
0.976278792
0.973663704
1.114806822
1.020085995
1.088500299
1.083833825
1.184348175
1.097396007
1.053784228
1.059630466
1.108094632
1.156222135
1.178999597
1.107373608
1.082721263
1.050286034
1.137696085
1.142395812
1.198183124
1.203221234
1.294098497
1.261226819
1.255805221
1.218438404
1.180688168
1.104252277
1.115618167
1.036475305
1.040642221
1.118605905
1.160409251
1.236768314
1.40913761
1.325523806
1.359644029
1.327242643
1.351969086
1.265584948
1.309704576
1.398521402
1.400463834
1.308439221
1.345873399
1.388967609
1.393659512
1.509032732
1.490545597
1.511492032
1.462048695
1.57099144
1.506360921
1.689398892
1.459962935
1.302786543
1.290946212
1.221494821
1.168174083
1.164642479
1.097943896
1.096159974
1.23816102
1.301285166
1.287723423
1.31873672
1.403741178
1.391533253
1.384727075
1.441920752
1.289658274
1.443305176
1.531937569
1.576603455
1.517210912
1.509381587
1.378166411
1.476613553
1.267035272
1.361195324
1.480768197
1.381826715
1.407104977
1.282362945
1.371487317
0.957608585
1.102978901
0.974579308
0.975986321
0.829095259
0.973329587
0.975923862
1.027281757
0.972762414
0.901480341
0.839600642
0.845877932
0.93306469
0.897882944
1.025460038
1.116768907
1.026567941
0.971372602
1.024376152
0.953610699
0.947111348
1.045810913
1.034370411
0.971570902
0.985037411
1.042058692
1.055000752
1.033415393
1.011195637
1.063237362
0.985120351
0.941234579
0.93848226
0.762546743
0.743350757
0.833655626
0.872635914
0.808418223
0.804043203
0.833212026
0.845149373
0.882501097
0.882494521
0.844180737
0.843268818
0.874451104
0.883341324
0.882821651
0.912628082
0.905479843
0.865310541
0.908572475
0.896566816
0.895486215
0.871128928
0.876290141
0.856977753
0.83189963
0.78377657
0.784694254
0.808323871
0.757308869
0.700882961
0.778097725
0.799055512
0.80720799
0.827520234
0.903654173
0.849900594
0.847780092
0.837022108
0.84766567
0.827905339
0.836056866
0.850197547
0.828894083
0.820618579
0.829281059
0.851890928
0.853411763
0.875764198
0.824227451
0.856781937
0.88050695
0.912658953
0.881747644
0.954280315
0.933771874
0.995368086
0.948132224
0.883310241
0.936933827
1.046682036
1.13465755
1.160353632
1.128197357
1.119786265
1.050576346
1.073591142
0.989749997
1.040720729
1.054937655
1.020835461
1.042016453
1.109918299
1.149571751
1.142600245
1.228190307
1.212808895
1.304281352
1.43003712
1.200419207
1.63462057
2.343546388
2.006578068
2.118857224
2.377593427
2.218522488
2.072479961
2.055277884
2.084691726
1.929550197
2.079791337
1.992467189
1.694289618
1.670926204
1.882953745
2.021994094
1.812153822
1.72637574
1.709996003
1.717252681
1.6214847
1.587597706
1.613203463
1.795798122
1.867501842
1.940394922
2.00630908
1.949500568
1.891975852
1.919998652
1.964690971
1.891656942
1.82326558
1.754860336
1.720944786
1.746183653
1.808964007
1.765737718
1.81797586
1.811794651
1.729882453
1.715616715
1.807569542
1.786832866
1.865737021
1.913721811
1.794600487
1.978778141
2.019541416
1.796290928
1.860153979
1.880910607
1.816483948
1.825131371
1.822709078
1.875815055
1.908719916
1.838341336
1.862874097
1.834462256
1.861932245
2.053339951
1.980470173
2.198091789
1.987854268
2.269504347
2.107273657
1.944599526
1.932264813
1.73613053
1.659415024
1.875425911
1.86356889
1.843772563
1.860904387
1.775663662
1.769254505
1.751602976
1.823436862
1.614600542
1.695967398
1.590026047
1.794749528
1.814051372
1.988033393
1.902733446
1.810930619
1.642730577
1.722673426
1.70034965
1.672910879
1.673112806
1.573770226
1.511828986
1.51812881
1.539985234
1.38402517
1.342574655
1.345509251
1.429822049
1.352259613
1.38099589
1.371695374
1.278374089
1.355455083
1.36613288
1.468432337
1.577958745
1.583111283
1.607023742
1.670764016
1.477394929
1.58865843
1.732766036
1.663238482
1.745766988
1.674063584
1.790905122
1.674620075
1.562503115
1.59073273
1.454561568
1.346557833
1.426972687
1.345841391
1.428909206
1.476992897
1.394521214
1.374514132
1.400422003
1.426650888
1.341183001
1.293000249
1.296355444
1.299507164
1.135768315
0.89935995
0.952090286
0.924513356
0.918182386
0.929565562
0.931974779
0.947239875
0.981618474
0.949761848
0.960563888
0.983418976
0.987600678
0.925516215
0.979239033
1.006867879
0.998863657
1.076994172
1.002721699
1.042324526
1.017542116
0.985463463
0.937010555
0.90939399
0.903624395
0.947381448
0.970397304
0.911856795
0.888248667
0.900971513
0.855877688
0.833015383
0.798845219
0.820051467
0.747460826
0.799374941
0.839070614
0.825180491
0.839511473
0.85526846
0.820647601
0.807078388
0.790373476
0.771602246
0.775497768
0.742235432
0.755182583
0.765936731
0.728642846
0.70670437
0.707560151
0.701501666
0.690864157
0.696731627
0.704646875
0.749988655
0.756458419
0.775547532
0.739894848
0.800212774
0.82862526
0.821849245
0.878052052
0.91422825
0.909240832
0.931324582
0.953271416
0.91132807
0.942543926
0.916329305
0.947697437
0.926233513
0.915349314
0.863599865
0.862672223
0.77808613
0.801781458
0.778232989
0.776572212
0.788131717
0.71543069
0.722713294
0.743487176
0.725703221
0.738988011
0.734741073
0.728204148
0.734165663
0.759289923
0.737179137
0.75052645
0.723569488
0.715128406
0.707264188
0.694659409
0.66597066
0.663610498
0.690834881
0.647431512
0.612020109
0.599585481
0.590790196
0.669732385
0.714246651
0.625207664
0.702789106
0.75266964
0.724284075
0.62680566
0.608083107
0.443022207
0.410780791
0.456216023
0.445449964
0.455018227
0.468655724
0.472492479
0.44726798
0.447491409
0.425292891
0.434439991
0.444562986
0.441149603
0.417842984
0.404802128
0.381665414
0.361719171
0.367851497
0.378800348
0.419531873
0.410415616
0.385395636
0.395400056
0.381472238
0.388569427
0.391145724
0.410579093
0.400262465
0.409496742
0.403743103
0.369014063
0.348598121
0.342016011
0.302303009
0.309695425
0.339967017
0.30183659
0.312285391
0.296834709
0.314406388
0.321400142
0.325675527
0.315071112
0.336076712
0.35244878
0.342618864
0.34032922
0.328067938
0.313269035
0.299592086
0.305139517
0.305857213
0.308866392
0.310385003
0.315804661
0.30807361
0.311499133
0.321822496
0.31701449
0.322061114
0.310109122
0.297847932
0.294016281
0.310031036
0.330457639
0.322633223
0.339743567
0.338019398
0.359464537
0.371588215
0.359088452
0.347109418
0.343344396
0.336174841
0.341462882
0.312535455
0.311625777
0.328495496
0.336970754
0.337269373
0.337772454
0.336829153
0.333599605
0.331797711
0.338916227
0.335568964
0.349995529
0.35227217
0.36456966
0.365964077
0.348256
0.360666755
0.364956742
0.366668486
0.370894977
0.366543583
0.359464678
0.355292455
0.347609307
0.342964725
0.304990189
0.305906273
0.308542163
0.295915467
0.308439914
0.302884017
0.304909174
0.287358929
0.285714454
0.285056514
0.295148398
0.292115102
0.289454782
0.289907877
0.300060422
0.303069782
0.309652364
0.305313034
0.286207094
0.296736023
0.30352129
0.319259666
0.320341622
0.325019341
0.320851801
0.302386916
0.299515566
0.296797173
0.294150527
0.309762588
0.305321377
0.3124469
0.329138416
0.325607643
0.365792546
0.37765496
0.379382256
0.393731895
0.36683991
0.340919476
0.346122848
