2606
8964
4024
2611
4793
3441
4230
1942
2488
2095
2249
1873
2669
2205
2575
2847
2196
1853
2051
2413
2166
2176
2378
2372
2554
2170
1972
2454
2294
2332
2190
1751
2079
2422
2414
2006
3315
2536
2420
2506
2101
2516
2932
6083
3075
2508
2598
3074
2829
2996
3299
2639
2587
2526
2400
2983
2811
2651
3940
4065
4218
5022
4527
4551
4473
3690
4129
4471
4448
4578
4678
4471
3726
3928
4055
4260
4298
4344
4690
4189
4195
4493
4495
4545
4330
2079
2542
913
2222
4039
4828
4358
3853
3823
3971
4406
4674
4950
5558
4397
4354
4820
4879
4326
4272
3877
3851
3709
3646
3841
3756
4155
4516
4804
4039
4067
3959
4080
4120
4178
3754
3311
3414
3510
3406
3697
3667
3120
1038
1141
2180
3826
3888
3739
4984
4576
4365
3834
4393
4476
4049
3823
3524
3677
4374
4117
4106
4210
4060
3473
3562
3960
4008
3563
3263
3312
3108
3088
3511
3321
3227
3759
3522
3623
3549
3552
3563
3638
3411
3488
3444
3807
4731
4280
3933
4299
3638
3747
3615
3434
3431
3191
3712
3639
3441
3549
3554
3455
3456
3366
3519
3308
3361
3344
3517
4285
4349
4494
4922
3524
6019
4954
4877
4844
4985
5096
4581
4996
5486
5151
5453
5518
3915
5636
4205
5268
5163
4840
5895
4888
5154
4826
5262
4931
5043
5567
5076
5408
5601
5830
5508
5439
5940
5680
5846
6044
5732
6098
6143
5673
5863
5780
6071
4634
7282
9137
7127
6124
5909
7046
6858
6444
6643
5875
6483
5796
7090
6349
7296
6051
6397
6104
6752
6200
5882
5513
6933
6754
5682
5689
5312
5399
5381
11118
13337
6746
5624
5338
5398
5727
5277
5513
5431
4973
78987
4844
5102
5200
4886
5619
5335
5423
5769
5458
5482
5630
5058
5080
5166
5055
5214
7469
5156
5019
5125
8175
6384
5447
6038
8042
24189
7475
11549
9895
6006
6301
6331
6221
6157
4600
6380
5683
7696
6901
5912
6135
7155
7132
7610
7686
6734
6340
6417
5727
6433
5934
23042
91953
92391
92960
90439
98874
59291
52556
48122
51276
49937
51128
51279
49995
51771
48713
48672
48817
42679
6202
5983
5973
5855
5294
5872
6011
5981
6889
7860
5991
4968
5526
6643
5733
6022
5915
5855
5893
5274
5527
5341
5666
5687
5280
5399
5384
5947
6380
5941
5700
6341
7909
6613
6930
6020
6403
10642
9267
6562
6519
7518
6762
6066
6842
5873
5939
5889
6465
7541
274950
620018
358567
348431
325410
339757
351410
325065
481902
2163214
785159
432417
423666
1353976
1575755
1492302
1205562
1201027
1206735
1238628
1204981
1186976
1204787
1059717
827725
803290
783706
479429
408905
386617
485914
591793
531698
544990
546629
543863
525847
531119
529792
547816
517453
516839
551970
530423
547493
537269
536211
511884
521479
549870
530767
534353
548441
531708
534132
505997
534589
545716
548494
543390
551198
567951
541698
548597
524326
534760
533917
536520
544185
555877
545761
533203
558553
553234
519399
520426
498789
519011
526386
521695
545800
553935
553120
536252
555733
581061
565625
559253
538863
505129
562214
533592
543187
559452
596263
551006
555534
540663
529926
550171
582470
589886
587216
572198
579357
558721
565929
565889
559572
584339
571162
558716
568555
557549
566236
600785
582176
569776
559236
540069
600280
586357
601591
621827
615023
591291
553217
555203
549122
550932
554185
545700
572350
544709
539497
559969
589172
578770
577436
601444
587283
601764
581996
620908
632144
610917
635905
625339
609227
614606
621975
636408
622765
609247
648761
673266
618376
612898
653889
630528
629706
643546
618577
673761
785016
756539
714910
698851
743245
708602
703132
710931
711190
715348
683228
692321
666095
720202
709236
706568
689030
687864
738953
738077
704567
717447
704194
713525
676789
695386
669060
700311
731520
722930
701699
723387
721627
737865
789348
772285
756023
774533
762323
788832
772522
767342
840455
808145
815037
832009
840650
970838
1054469
943780
873665
953852
897954
742149
831634
842560
757995
774577
875940
866027
908222
1081715
1017677
989206
980373
1127480
1213343
1073953
1110017
652508
814574
690434
5861393
9271981
647685
886623
848114
898836
884974
874647
666011
892171
875102
656867
889763
838450
905711
879099
721248
824065
772409
929308
927703
892150
727519
800885
654379
671296
643569
679316
619795
662277
545866
543871
539774
541888
530052
577723
737534
871408
970928
788706
596307
841405
715564
857754
1073184
3888576
761898
935548
818642
834647
788138
760258
748391
784977
829507
798338
785335
799704
828300
897496
838480
813603
787404
625053
536778
536653
523830
506361
500177
521681
569142
633862
753662
556884
856347
896829
878070
990066
885439
946127
904977
950150
998076
1033748
997500
899868
934642
1083839
1004800
989988
1014858
1044950
1035096
1030861
807713
1064290
1053088
953030
785396
1141738
1042393
1163570
1198764
1194760
1204560
1276011
1300370
1365660
1371990
1304695
1435414
1385980
1444676
1183980
932349
934031
849593
715279
883494
888128
868470
707627
725553
905102
556144
615414
789527
852344
632368
657341
878265
713152
820717
824373
773822
948236
1080590
997620
930759
907923
989324
1044654
935898
909377
967833
948626
878557
787415
781957
893144
658864
710091
953701
683557
763735
942497
687240
821464
935155
952637
937720
986236
962955
1092689
1150167
1096413
1099495
1089316
1148115
1078096
1101560
1119749
1102699
1072222
1016455
1249501
1364768
1506879
1262135
1127278
1098669
1132237
1126514
1125131
1123409
1122540
1152887
1135703
1000885
1169778
1420098
1380132
1190083
1120347
1133851
1185119
1210683
959111
1008392
1042302
1198427
1153184
1243573
2280287
1632606
1477013
1422775
1247951
1189984
1252155
1375981
1481545
1278179
1212783
1250285
1269680
1267427
1083804
1104401
1286509
1290651
1341356
1646830
1364688
1357720
1330032
1382378
1911968
2184866
2078134
1894690
2460455
2234879
2328791
2112483
2143500
1844189
1953479
2201795
2796366
2715925
2219625
2127878
1943993
1943049
1775325
1584592
1536224
1611362
1644109
1643699
1305204
1462551
1641405
1617615
1547801
1495113
1368164
1226384
1381389
1334191
1045291
986674
1089248
1033042
802078
1164157
1361007
1445191
2040826
1647332
1673769
2106740
3189011
2787050
4796101
4159681
3765215
4605829
4495640
4539896
1604070
1526906
1828318
1597831
2040557
2575290
2094716
2161991
2082153
1650207
4960624
1304788
1906535
1738167
1963384
2051096
1808973
1767416
1691359
1820580
1842450
1825783
2004931
2125530
2320801
2103590
2032415
2008072
2057515
2027479
2202207
2070063
2069277
1989656
1991709
2062392
1957768
2035081
2089317
1545978
2123996
2081635
1849785
1697353
1926872
2000024
1748666
1792050
1796352
1774955
1633547
1969342
2031358
2270815
2092176
2414814
2357812
2274089
1925999
1732064
1677051
1680892
1923919
2003277
2033504
1839867
1635824
1620554
1620184
1764906
1678904
1658632
1621450
1627438
1508787
1609619
1695845
1526736
1536271
1573943
1681541
1495708
1575634
1530813
1584857
1580981
1691931
1667914
1590162
1628262
1743994
1591127
1670352
1622391
1440496
1243413
1242967
1288789
1281137
1374140
1243048
1283861
1034654
1127090
1379777
1243626
1279788
1242228
909752
812327
1110703
976470
981424
1252966
1045296
987906
887950
824458
967194
1062136
995537
1047105
1066438
1026146
1003009
961973
1111840
1332502
1924637
1960873
2056955
1941343
1315738
1413263
1848935
1824738
1376169
975213
1164941
982238
1189267
1257294
914762
1059017
1032590
1161943
1159488
1060461
828231
1170172
1314244
1113773
934687
1262509
1045235
1241701
1333453
1195934
1110382
941830
1260415
1233324
1251307
1246770
1148607
997207
975700
1354761
1211060
1035767
1199180
844063
1102225
1033088
1051332
1097452
1083203
840955
806856
730178
726281
795779
1118940
833214
855634
836300
876100
1014951
1081335
1103809
1096726
1158857
1089306
980642
1024877
1136599
1104602
1140327
934858
1046424
710520
685379
1063127
917541
954681
943575
872516
951847
675611
870199
1137787
1052998
1094040
1081912
1059104
1017712
1154764
1300185
1102993
1050144
824151
1012373
851763
1057003
843275
794591
813069
1115158
1006224
993699
1023041
958400
1019959
985947
1092220
1005856
980674
1056987
1040519
1027292
1047411
1166966
1086352
1052712
1054330
885962
806942
1048969
1050377
981655
755145
1084186
1052139
1058067
1154243
1159214
1074782
1062478
1021854
1165028
1143898
1100512
1007090
826720
875154
1076042
1035340
1067576
1227324
1436427
846325
1104734
867718
888776
995453
