8893
0
0
0
0
0
0
0
2050
2881
1329
2037
4963
2036
2842
3174
2284
2440
2512
2494
3246
2303
3919
3579
4190
4432
4487
4156
5590
4758
4139
4572
5196
5153
5195
4777
5642
5519
5521
5702
5622
5604
5341
6460
5596
6057
5572
5409
5872
5368
5802
5205
6402
6305
6804
7404
6224
5851
5907
5760
6123
5738
5870
6421
6063
6112
6624
6279
6458
7121
6926
6763
6529
6023
6593
6818
6830
6499
6795
6567
6481
6604
5897
6182
5979
6888
6361
5830
5938
6784
7346
7836
7941
7557
6915
6558
7399
7037
7498
7882
10996
12413
7689
8151
10217
9534
7891
7211
7170
7442
7145
7373
8876
6348
6822
7083
8260
7152
7098
7278
6639
6817
6853
8986
6794
6502
6971
6898
6784
9103
7141
6697
7001
7444
8105
8205
7426
15550
21098
10304
9612
9032
9314
9879
12063
21027
22740
13494
9521
10726
21867
12368
11358
21767
10301
8233
9164
9258
9474
16430
17074
22075
10919
11793
10320
10893
10862
17665
10653
9875
10664
9747
12916
13420
10610
10734
13848
11025
12798
17121
16511
18747
16765
16395
14661
14166
14199
14291
14274
14371
15249
31418
14264
14719
15517
17141
21440
18109
19327
16624
17159
17549
19990
16969
18412
16714
17119
18190
18482
19540
19503
21068
18981
19063
20358
21778
23562
24837
24287
27115
27661
23271
24104
24557
24814
23124
27887
28127
28528
29273
27596
33531
31821
34779
32447
32511
32890
31786
36947
36762
36646
29974
33613
33915
36767
32259
33320
29358
29588
34907
39173
32078
31893
34010
31923
32237
30327
34673
36051
34781
34959
30483
40203
33513
32622
32944
37181
31678
31845
34046
35430
32582
33847
34343
37332
45769
39578
41748
37821
37484
38707
41271
35864
40063
38560
40684
40811
45002
47737
45745
43073
37424
40309
46033
44523
45177
43621
38895
43806
42911
46443
51147
49006
70148
45890
42927
44386
42221
39666
39834
37875
37896
38957
46141
40433
39854
40145
36901
42581
46185
50335
43251
43392
66558
63083
51035
47118
47323
48615
41908
45331
36684
41613
39663
43089
49897
63952
40085
39257
39757
39950
39270
37900
40433
42506
40410
39358
38582
40811
35740
42809
41110
38062
33914
39198
44184
50631
44882
48458
45006
58215
54856
61930
53035
48555
47243
42011
48749
45978
49041
49475
46761
43212
41487
42955
42984
47057
46290
48171
44400
41088
40577
42302
48949
44867
47799
42948
41318
42543
44250
48430
46821
49868
47292
47938
42607
45510
46979
45846
47491
55413
44792
48128
42667
49102
48701
55970
53918
42875
43345
45123
42591
53859
52622
57532
46882
37893
40505
54067
44549
52657
35219
43418
38713
43514
46817
42797
40416
35836
53076
51105
47672
56662
41719
36826
43708
37690
43940
44940
41053
30002
32244
42006
33662
34990
38136
51898
38497
43438
57780
37772
35364
52547
47610
45158
44353
41522
40011
39435
45031
49025
43519
42346
32572
37690
34391
41941
41569
40517
40164
41070
40882
43673
43876
45330
41684
40738
43785
39289
42125
42735
53585
64289
36861
58075
40804
44449
48388
47036
39178
37121
41642
41357
39643
41613
48200
41757
39587
41444
40564
39164
38741
44664
47294
46102
43953
39442
36640
45599
44241
50793
55173
44391
37757
36601
34565
42370
43386
46546
44561
41220
38730
39652
45883
50673
49596
43804
43622
42727
46188
48179
45221
50589
50833
42044
41748
45375
46671
44994
43628
45775
43302
47432
46076
50414
46256
46856
46680
45189
42509
45369
43649
44541
43709
42778
45410
46542
47306
51866
51089
47873
52222
46560
45319
55990
58298
55320
49674
49406
49398
48227
50152
58434
50372
47601
54081
53245
51716
52642
60277
59774
70779
64294
58756
57031
57020
62589
55386
64266
65132
64803
66646
81718
77155
81205
109950
106635
89920
84599
80264
84298
78821
82434
87775
84394
79534
94570
84348
93064
96209
103102
80572
88948
100221
86279
87411
95177
92846
72144
74557
75487
75891
80347
84124
81155
74820
70634
72546
83303
85734
85450
81278
73539
77073
80531
93033
89642
104494
106193
91335
95202
112202
110354
97334
114877
108514
95014
106631
117509
112933
109673
117189
107241
101332
101348
122792
116341
140135
137409
161568
130912
149699
176255
187121
187293
183010
169818
149450
155271
158547
193618
214126
199160
194911
175666
180136
190305
200523
207180
187700
215831
213356
240490
292941
280054
250410
261617
248003
242022
245957
286209
308488
221289
284225
276012
250570
231135
316788
252995
274241
263791
252652
240465
248617
302032
281465
271606
258791
295389
248142
225189
302633
291677
283828
260745
249381
231961
249138
248473
271055
270122
250065
232560
205574
260490
263095
242956
223010
225435
246494
198773
206624
250090
218582
231068
236335
257160
261400
265127
281172
318866
280308
338241
356682
338654
333011
410061
413246
413624
428007
443356
377418
309926
392880
364727
374711
352465
352621
306268
324173
363799
394649
400220
384421
390997
331797
302525
442592
444572
496376
448347
463670
383654
325128
365384
404898
365679
380251
441767
373764
289517
362764
337752
324984
317074
271470
260107
280929
306614
306075
309047
329208
326502
295798
283871
306095
327906
307399
314808
319882
291091
296829
328172
349605
344305
363411
379136
332169
328921
408297
505611
470449
494184
546837
462902
435493
468168
492288
460419
466406
486147
484554
494176
532626
519906
527783
529277
485790
398758
417102
511663
470418
480413
467172
457427
394378
434380
443176
475984
540593
491482
508590
459679
464563
530141
524044
546489
537068
525529
561166
542484
608695
638989
663579
655457
622720
627785
693808
701834
693090
791746
659068
766411
707223
716575
828899
872340
909631
942559
904346
899857
876574
984021
1092234
986104
1072665
1103523
918881
758234
752361
813510
912752
949503
1090191
1136659
946981
908945
1153936
1238030
1349890
1271577
1226417
1152722
1215473
1256240
1177685
1173965
1118757
1179321
1081593
1206420
1277936
1277083
1205184
1043257
984489
1006530
972911
928494
913668
788515
953429
831992
889104
936845
906578
877284
1008759
981133
814486
800876
875761
888219
818625
681344
789807
848390
773496
829020
745822
746384
777318
704758
772079
756092
811384
886897
850504
761893
733084
732861
690582
737453
694583
720368
684404
744666
673465
643241
752756
712591
783757
690139
650058
591377
608899
677908
699093
671198
654531
654584
593203
684094
703891
661791
697872
619453
677103
613203
526372
626615
584055
579858
583673
633616
584396
545141
598505
645977
628441
695871
647981
535865
595733
609799
571388
609102
692606
730344
611188
619985
664402
742823
703293
814318
832220
746104
748858
802870
816357
799014
793873
764479
775321
756651
778133
713839
787722
839586
1000526
789261
691273
789863
820098
831127
854827
826099
788487
762439
801788
779210
807257
835761
831831
846288
777283
802211
822409
833377
811167
800838
761932
776024
861002
812183
817167
832842
758242
768017
809997
807165
780654
754070
775828
720017
769427
771280
768985
770199
797637
765916
763803
639775
648548
695753
778765
803076
752035
770457
675918
671994
837265
732170
771938
744784
735092
632981
622633
489559
573532
447112
527586
459075
484105
631505
651926
691771
643920
566058
563317
508951
453706
703999
701292
746145
734702
671608
620634
675356
758657
784910
787527
725630
788715
703973
716354
757712
745063
757758
779928
753190
720548
704249
699536
636342
565663
538530
613892
657312
641927
694941
690348
648565
716732
607270
627522
599660
663769
605639
594918
599557
596227
577239
574072
645935
613844
546841
592847
577258
656254
620267
631429
589521
626957
588959
582184
543337
565631
561611
557317
570673
555753
514394
479695
458432
553720
500513
507255
498146
544686
470309
468627
480337
519108
493507
504047
500407
434315
479351
476308
490262
559006
559181
595361
596865
497767
542842
537028
516772
570525
562140
541797
511719
562011
575450
580354
565791
601119
534080
508014
577314
556231
532709
537236
551218
499165
509862
614695
608397
585707
589096
548534
505015
510848
582354
597166
564602
555392
547848
489120
527799
571162
553590
582181
563051
552107
505581
484801
622942
625752
579531
568895
559992
497091
529038
557388
565825
622580
555591
599039
525757
492410
548100
565202
595937
590923
572417
552651
507555
555379
536006
533920
565689
567306
551916
516697
570051
556320
597824
602429
606526
495551
543655
615551
535001
560047
548411
572189
543746
460395
522040
448168
589959
596620
549398
511189
487372
550964
553367
558847
582839
541838
452707
481347
577239
539896
507687
517082
538899
539125
537705
582751
605558
533819
520130
504903
464380
488814
568564
566026
555347
517057
498856
450314
424378
416394
414815
429065
428676
471952
417129
381151
429007
438111
491354
474782
468599
454309
447945
512455
533602
530268
544817
530839
476225
540201
573756
553925
539516
541458
547622
526912
492382
620211
598085
578932
572685
562361
555854
484038
536412
564306
573281
573828
553012
504183
494872
573940
635940
630313
618318
628700
561778
549073
648670
629010
625948
634367
640352
667967
646230
687574
758900
746605
673520
621924
559039
572886
668000
656914
674070
729032
694793
614291
551055
622058
656461
681896
697650
693183
686824
631190
719306
729268
668917
680812
661061
562687
593482
628989
707771
703790
626308
670882
623395
637464
706135
658146
686996
718440
736762
742337
715827
758695
830785
847606
908208
810320
735420
752431
860161
812799
873384
846724
904057
839949
763094
941733
910535
947509
891907
870676
956751
890894
889067
891955
799392
824817
758454
992653
715741
963694
930038
860682
749758
825364
938952
888979
944094
850016
886054
985024
777627
758133
773499
809637
932194
848601
814118
1004170
733337
685958
951985
895054
753227
747514
849080
754040
582067
809796
771955
736096
975288
726392
587283
613490
743294
1003278
830029
667874
815548
584085
522416
640666
606795
907213
949864
640260
577697
572697
676990
715782
684284
877643
768312
783492
569134
718438
732052
742477
692736
721762
630929
582507
712949
698671
736647
689076
718875
641106
627260
724461
733520
731500
737144
733282
684235
677260
750845
748158
722262
724189
713194
679773
690235
757539
751224
714432
769872
768500
677445
675137
756508
691617
705292
723726
623470
628467
633961
733010
681814
708743
692484
717128
596973
576563
639394
709522
677675
657676
623632
607857
591986
683924
645073
627137
615189
590197
595118
571769
629382
710373
751354
706127
702673
634450
566845
650601
690703
694589
703704
733646
665170
612341
678528
726230
736388
724917
741655
716822
642955
721335
707622
717618
744118
705019
590976
571113
670783
739254
707733
857371
699138
604007
609364
710155
708660
713551
679505
683049
596661
600168
734472
735532
689771
762896
794748
631670
596880
762888
679733
674957
623080
670568
584871
615069
681210
610528
661004
617647
573666
488124
440672
635462
631603
625349
635638
621511
551143
526996
634682
646999
663295
620140
614338
545378
529935
631635
602814
565093
586645
580029
516438
480131
584426
554215
466526
505639
581641
559074
524664
626525
646478
653831
621399
605095
549612
523951
565389
671748
698399
693649
676556
628211
615368
599266
558962
513767
552533
497135
435515
428839
476541
526284
551529
566052
583358
545761
530094
621191
524476
610780
606505
626252
661649
628631
668760
709280
798162
764763
771827
699151
661490
695366
733983
695837
689600
670542
605859
606290
687702
670257
704929
714482
688694
620465
628500
681477
661419
663966
720114
676799
630992
662565
784085
760588
713065
760781
847947
681830
657653
784094
763100
768437
864017
822158
857503
746195
801238
791900
765389
772649
748776
667726
607984
724004
731749
683007
720554
722688
625952
614001
771300
783472
830223
727502
745643
680523
678530
744306
813972
792152
790334
785639
783111
741675
828885
812963
790519
826397
846807
792299
801949
841193
838453
897881
899459
827138
765990
789689
774035
785518
833506
877129
887756
894382
879153
887554
880678
856962
820300
888691
875030
808464
857645
848038
855377
867704
916282
868425
825755
875607
916975
896217
907265
949269
881950
850103
929874
980902
898364
930407
901995
946196
943786
966206
923075
939890
925331
889318
833267
785017
912281
904928
879736
913845
945942
941415
987058
1092083
1119442
1070862
1041742
1017505
1017138
997731
1056189
1111318
1044438
1039119
1022098
946287
880075
1020012
1064506
1092210
1070343
1034806
982930
997960
1151834
1098661
1111360
1068620
1078101
1071509
1082448
1143700
1120095
1138040
1147143
1146282
1175506
1137893
1261456
1222353
1163851
1164479
1218838
1171566
1125886
1176793
1164208
1182699
1215885
1249695
1182406
1229151
1289980
1254244
1229214
1209139
1201546
1107833
1152369
1181976
1229256
1216891
1182994
1256752
1102479
1122524
1162182
1138199
1166218
1136576
1131912
1130992
1142415
1235856
1245701
1181212
1149636
1141207
1040906
1026667
1051480
1026700
1052603
1120964
1074413
1034584
1042047
1079688
1089837
1035013
1406016
1244808
1090001
1095309
1133662
1081497
1084100
1087537
1034790
984559
966479
1080187
1088234
1079040
1018741
1002138
956528
985452
1027690
1083502
1035384
1019446
1049571
1036351
1004701
1092162
1127396
1093927
1249576
1161135
1051772
995711
1128930
1105678
1159354
1189043
1132837
1012156
965206
1086139
1078466
1139608
1107849
1111013
1089587
1050753
1156870
1119359
1137324
1128431
1171971
1131722
1016465
1147695
1157455
1096582
1099253
1156377
1067063
1037428
1105512
1173012
1120798
1122748
1162871
1172183
1148006
1213632
1240072
1205924
1173330
1102889
992335
993930
1183915
1172361
1071389
1114178
1134337
1055722
1034515
1102501
1149816
1150822
1092429
1122160
1092064
1142703
1241593
1215285
1261767
1342281
1193950
1162872
1074305
1146949
1147101
1254308
1142743
1140417
1139562
1177372
1256783
1206703
1227653
1163876
1136712
1170839
1234419
1275169
1258441
1280434
1298568
1288953
1231759
1210603
1280285
1165508
1126532
1184604
1227187
1193339
1133096
1217953
1252236
1213930
1178190
1182794
1140666
1117744
1207263
1194595
1140980
1190834
1293963
1218241
1244924
1300451
1302891
1314906
1309863
1316904
1227828
1230638
1275739
1327544
1320357
1270521
1290300
1252364
1206665
1210500
1217916
1258503
1298425
1323618
1337507
1233518
1312178
1302882
1285208
1232758
1236241
1202432
1179859
1185925
1240182
1235048
1234903
1208640
1160519
1180104
1216417
1275347
1256065
1284767
1325679
1293352
1277890
1321388
1308992
1272298
1299760
1291231
1262309
1206064
1307460
1298959
1309468
1349663
1265836
1230764
1211918
1269901
1300973
1354603
1368006
1358619
1293333
1197875
1296946
1335799
1293255
1284449
1300882
1315016
1256904
1347983
1350467
1386341
1197340
1426977
1453000
1396766
1476842
1555560
1565355
1577266
1537100
1389103
1389350
1448466
1448293
1517604
1530717
1441230
1427568
1417458
1488804
1536119
1518877
1532197
1527890
1710882
1716600
1716489
1716051
1624077
1588560
1531689
1472680
1425115
1446627
1425053
1461174
1459146
1367394
1283663
1264253
1312739
1289446
1326432
1291385
1305078
1293425
1280282
1297889
1274354
1314178
1337711
1301803
1176676
1134526
1225549
1221063
1194275
1188556
1183286
1131777
1124736
1188556
1224101
1201109
1218956
1170182
1050189
1057288
1209567
1297644
1201974
1207012
1227331
1150460
1104703
1404100
1264320
1212214
1211710
1181574
1122543
1105343
1147895
1355421
1290979
1262627
1223691
1139265
1101766
1191465
1183412
1223130
1259972
1199018
1164624
1168843
1195218
1192750
1195171
1202844
1203397
1225509
1128848
1260619
1318124
1300283
1259128
1242337
1212322
1190618
1269470
1219663
1223841
1159663
1212021
1198433
1184278
1218594
1212289
1234409
1195283
1197050
1159942
1125295
1253968
1252163
1201544
1255453
1260054
1186758
1183893
1245624
1247051
1184780
1175063
1119072
1131721
1147150
1198993
1206314
1225104
1261258
1198777
1189085
1136467
1206493
1308071
1178449
1219850
1244706
1249438
1211328
1267491
1231240
1207590
1224358
1187578
1143178
1128226
1174559
1193295
1174030
1193053
1152685
1121078
1088537
1133903
1108122
1135869
1116157
1207263
1117899
1130224
1121513
1235674
1337833
1344295
1287034
1191856
1137901
1183486
1203566
1189854
1227097
1302993
1181031
1144184
1197673
1243503
1259885
1277275
1256044
1235169
1261312
1299495
1344772
1370504
1510502
1456333
1379095
1304184
1341733
1395656
1417221
1352186
1339661
1255921
1276998
1329018
1334145
1390746
1347643
1345131
1300464
1275744
1289636
1310153
1353219
1284250
1255788
1160128
1260939
1221508
1264994
1342491
1301578
1297524
1213284
1135653
1247688
1280926
1221643
1265286
1211488
1235697
1386491
1244773
1224771
1296307
1251338
1237735
1199384
1181898
1242978
1214900
1258462
1155456
1270355
1159873
1137581
1201239
1203638
1233315
1245242
1298329
1299519
1206942
1252037
1241032
1252468
1255688
1214585
1180989
1158900
1209173
1221316
1249628
1212495
1188490
1183873
1108322
1233195
1277649
1283346
1282921
1218460
1174849
1162954
1198719
1169526
1223143
1190018
1189898
1204920
1077884
1147109
1177640
1146116
1133684
1137559
1147157
1183850
1177345
1173199
1152665
1111215
1168994
1235023
1173884
1163338
1180780
1205889
1205676
1183966
1114648
1115296
1147522
1192633
1194693
1141997
1252754
1150162
1343869
1134349
1129213
1147632
1181182
1137898
1167802
1125065
1108112
1161564
1191369
1167187
1167450
1077981
1123245
1174568
1195626
1178322
1229591
1119334
1120627
1041827
1097913
1190207
1236011
1174532
1265944
1127607
1119066
1162829
1220571
1164437
1151969
1146814
1123878
1122675
1218023
1199899
1152200
1167121
1159493
1094668
1060779
1105170
1087129
1127174
1127793
1104419
1085399
1104239
1113264
1112524
1067983
1117285
1110994
1059286
1043251
1103439
1214496
1241534
1119925
1144822
1051478
1071778
1149227
1125250
1161504
1155514
1168081
1211671
1154787
1112065
1077506
1102254
1187804
1116562
1051489
1087198
1158340
1202934
1210708
1327755
1342405
1139785
1089441
1124352
1135718
1177913
1093367
1112811
1094539
1055644
1085863
1100715
1094639
1071180
1093469
1069802
1065407
1070320
1149142
1091260
1092776
1067485
1029121
1007109
1044319
1050984
1042749
1022462
1079448
1031618
1021635
1109435
1086757
1097000
1100312
1110579
1058336
1018674
1042748
1012862
988683
967965
1019472
939290
919721
994102
976577
1005558
1054433
1178620
1189382
1157052
1151999
1182504
1161432
1194330
1192819
1170747
1148695
1146369
1135896
1174882
1189567
1217596
1241502
1245545
1213565
1175526
1191452
1204397
1201699
1144468
1122303
1275861
1679068
1197448
1158182
1192330
1179749
1158621
1342202
1206185
1250888
1458612
1207188
1148225
1166932
1167115
1125139
1160380
1098707
1130848
1106236
1102367
1104408
1086312
1099261
1117868
1093309
1096088
1077250
1059940
1075718
1043820
1074563
1057768
1047949
1025044
1083202
1051964
1035135
1085160
1083220
1035586
1113119
1091350
1076929
1068296
1078689
1093966
998158
1024482
1068969
1093205
1109172
1265640
1311849
1322077
1156893
1138210
1149031
1100130
1118297
1119895
1109206
1107217
1141218
1214294
1109706
1129558
1225886
1158038
1163876
1307142
1185269
1169356
1202667
1180358
1180084
1068531
1123390
1130309
1074204
1124129
1071895
1037870
980678
1073063
1062562
1088602
1155589
1116822
959417
1009771
1039240
1048003
1104723
1111785
1059633
1038800
1033475
1063248
1071986
1015945
1093977
1014135
952067
962845
1106711
1132048
1219648
1184632
1118967
1033438
1133442
1192824
1136911
1083796
1103401
1008485
911890
927233
963954
962924
972566
990202
999123
934988
881336
1087721
1047387
1026508
984139
1032952
963761
962172
1008205
1049066
972121
923887
1932711
1103199
1068092
1182001
1151038
1095120
1080176
1153272
1040618
916817
994746
992470
1029079
989565
1044772
911507
836424
937653
1025274
977389
945627
944771
865806
742785
920276
948116
1046389
1142818
1028132
957607
1184114
1093675
1061055
1083178
1085563
1076328
1107804
1000777
1057284
1018353
1118225
1007125
1024504
994076
889814
947725
1032293
1020705
1048864
1100192
964429
998228
1074566
1086364
1064236
1104114
1072608
1064597
1069625
1077149
1142836
1121215
1082467
1071635
961493
953020
1054742
1141796
1160879
1138195
1066755
972865
1002399
1059640
1084290
1080839
1093537
1095771
995229
982721
1034112
1044634
1081357
1088950
1092189
971157
940858
1037182
1035152
1011772
1037747
1065950
1031282
974883
1173725
1105574
1076742
1042763
1068367
1023641
992358
1123422
1081542
1073049
1077305
1084231
1052415
1011463
1100122
1149677
1165012
1187924
1150727
1020143