0.10725062436515388
0.15404129090981247
0.17349123907271635
0.16833419058267893
0.16662792485643602
0.09581702729678905
0.09421298085257275
0.08828963159130229
0.08545453920539132
0.10250635359918353
0.08965780221748919
0.11505513150836992
0.13955236709152263
0.1321732878720941
0.1719116468013488
0.10116815717399875
0.10787364049011647
0.12443238401115728
0.12880576985340142
0.13059917950937042
0.1356434738726733
0.12937532581472053
0.12993885109848466
0.14007954967446368
0.21645282378830932
0.23970960381587386
0.22988972432827995
0.1121645203777135
0.10973221368088956
0.18386163398446437
0.10929078576844647
0.10849999581293626
0.03981769718799225
0.10113758538588118
0.09851665772011535
0.044005391258782556
0.059659430236330725
0.0869993407992432
0.045946645370719366
0.04672392982233654
0.04674182044886063
0.04937421879741596
1.2990185938541823
1.289131969568573
1.2560132082341102
1.296947847082764
1.4677175916390695
1.6259444665637772
1.5369392859933428
1.6053159095699763
1.8126235392322847
2.03370247093617
2.034664110158284
1.8070169067430286
1.6915633452049705
1.524949741792881
1.6739537350179436
1.58246676881987
1.52243686388942
1.59569777786549
1.51454613875746
1.67240752925033
1.60129507521577
1.62070853606007
1.57171927559821
1.60984260741505
1.55999317681984
1.69102104673283
1.85055461611236
1.84320442928677
1.96992379425731
1.98889715454395
1.78805621528696
2.00325216804839
2.09348995169993
2.11889373830539
2.26290697069717
2.57452340590756
2.65744964704982
2.34737039411315
3.00045061574175
2.95203959474243
2.67125320720871
2.57217578372836
2.78234713269591
2.700899078585
2.81828377633895
3.19699057790932
4.04070036534219
4.6836672869537
5.96773445030832
5.64297468493428
5.94277626514268
5.34239024740976
5.45261979417947
4.52764643416535
5.12317508003442
5.53808608334857
6.74723421293542
9.50186502424107
10.4750091934464
9.85271334584633
9.12461060933899
8.35635515500144
9.20893033293128
8.82809865123005
9.09039322406542
9.886323100553348
9.675757666836406
16.488523208942993
24.369904809962087
19.342609184160256
19.213160457388458
18.978822159045176
18.074112986027988
22.11006761076647
23.914921777474607
23.564984313112777
21.993910234458383
20.776410632506227
14.271789985128768
14.588799163558992
14.77328995370286
15.378966128349079
16.82245256941068
14.401645763988126
13.183408210852003
13.16548379005424
13.555624316282572
13.241262926733073
13.07623699156532
13.338049921339444
13.509325087662313
12.714301970207767
12.730467919083532
11.19699597843848
11.060884298912091
9.325947142633932
9.740629328382928
9.507364513289662
8.51527803867523
6.713520258099269
8.37781942694591
8.109465512755529
4.577203302245898
9.747117769748963
9.275482402921401
8.83116796269266
9.278863138737044
8.922887308671653
10.397779036617438
10.87209362186023
10.910789335590541
11.687949238560707
10.797374213449508
11.007558261351386
10.392173241115882
8.94869817110816
8.990992574312699
9.765010876468185
9.15405487190094
9.427560658591776
9.827892246888114
10.701287953703003
10.447105118389164
10.415655165621732
10.261678568473718
10.131123653514019
10.109264452541387
10.06784873740695
9.38834130782395
9.031123735962373
8.339594269160756
8.061428969815664
7.756667395001472
8.288910980612451
8.102033232695906
10.360680808000959
8.972114678018473
9.12466717501761
9.32083364878871
9.190484020016697
8.96181196941392
8.853623882613032
9.162013026533659
10.031165435825256
10.090219945053997
11.707239428229286
13.235912458917268
12.747660420336196
12.099021861973561
11.48278508504472
11.615320787017932
10.210282293727676
10.461188567278032
11.115510878254739
11.136879243545204
12.680933121363953
13.21698359959313
12.262637544095591
12.537621143759361
12.304351591161451
12.400381856740026
12.060487434470405
11.887882933647377
12.022866451018963
12.13922298893697
12.799931730343992
13.417312721422798
13.086582059822462
12.959183256487508
12.184611133181534
11.741575281205545
12.218015022481854
12.371723835790444
12.302105756625004
13.28982921982262
12.852767058971171
13.560522838457365
15.241439470736335
13.342972207280585
14.57726507688748
14.212057912211318
15.041869385737895
14.947588206817171
14.246399877140533
14.060864795619642
14.249383899103186
15.448139762196021
14.237158896409744
14.291985373392782
13.900459861655671
13.685278605630916
13.396341964807261
14.550455378709186
13.708279687569693
12.933453496550497
12.96616985132851
13.118135547834948
12.904868526380334
12.560588145112673
12.249370130238358
12.475591573103722
15.118121142296898
14.162741043113783
14.005451311816811
14.729696464866585
13.86015042739797
12.629702695921232
13.008157408916572
12.88668140310279
12.735682946504516
12.566594764314381
11.808105584008525
12.567559714363231
12.542380064852589
14.166035026553816
14.229618420589965
14.537630416988968
14.566818759817217
14.214286200106063
15.51641401780459
17.159400762279933
16.20269101643971
16.146104672518778
15.747315089231735
14.106251476383061
15.417220624574997
15.282627462203367
14.649565989283133
14.905439079541326
15.045699980302016
15.734441899979341
16.46197644288104
16.855544393510947
16.645860782919755
16.01229751152146
16.981511044063986
15.652665471370925
15.653166454808842
14.470529937807438
14.920828243620761
14.136520785629418
14.028818360581843
13.886803613019444
14.360680867684453
14.458728325138383
14.108894219619692
14.543253328135938
14.074940988049802
13.923171995620013
13.347420490486046
13.194538110652921
13.938075667185208
13.688105768244826
13.094703831146363
12.72013500761332
12.568799844470536
11.95841386975193
11.976411308116662
12.054880819160436
12.190158389082102
13.187120853444473
13.69249108408238
12.774962867980129
12.560322145505133
11.762541966259889
11.80520743200495
11.682625029287129
11.725119532723859
11.994781251309558
12.77635407471278
13.261590918383792
13.599102474726717
14.337311070736577
13.956364069654093
13.213291912229888
13.741591218213548
13.585095297833455
14.17158563991308
14.089274426037234
13.840004034242975
13.646506326688169
13.684916505201953
13.087345849193452
12.113592060116689
12.798378467817699
12.11358961259276
11.618145512548884
11.694878741985416
10.178611870369522
9.449201891571713
9.418462504204257
9.730852563682793
10.751075931076976
9.860936317073683
10.124606068033287
9.625466853317972
9.713725630887048
9.44556479907381
9.687856674489773
10.192204229240621
10.116143326212258
10.220698245126185
11.217136212566011
11.468079442555544
11.16314515297195
10.751839300850738
10.995130466994258
11.41492430279447
11.283285001825329
11.26149069224438
11.353571839312153
10.118066180650223
10.255965932194913
9.972013784009796
9.468553219298933
9.503090271459822
9.511179737687863
9.348234582618947
9.202946938855716
9.613665899334356
9.922363176511755
10.112879272907959
9.936509386210409
9.366957077821223
9.547476047037549
9.609423514553269
10.053751088997585
10.44713469781386
10.316899615238905
10.309682096098657
10.04037692139452
9.790952200751304
9.744685923910664
10.05583929347182
9.971699205104866
9.968252402103499
10.01289672664453
9.960803048880349
10.339757754225667
10.283051458006351
10.306821029020993
10.65345098515146
10.427393708153033
10.549876840678502
10.561256816628335
10.425519066863629
10.376374477563656
9.289349963291311
9.549568092900754
9.611285139513411
9.57871855879858
10.46706458946105
10.151278523136257
10.120465869648518
9.850359939477935
9.851806399121575
9.879532147513098
9.89136163971076
9.82333144163201
9.852828045797988
9.764645098080713
9.737861458809112
9.756205635931446
9.68839170117153
9.703464182310324
9.393117409368257
9.435300549696183
9.479385525298765
9.570512200379362
9.645800855328723
9.580928361761858
9.450966456289702
9.700565893202524
9.806151029731403
9.876521212731241
9.704750133000248
9.566721730040312
9.578784335957543
9.526052837368049
9.407127583191935
9.311338307550514
8.525935600899237
8.247169297420811
7.9327651162323125
7.806824872425379
8.024143391711144
6.6986096550996015
5.8326370989089344
6.229546966065289
5.724389954826927
5.622806578229521
5.161088574350976
5.211159772890472
4.939163015502589
4.94265918803859
5.325494508709146
5.3450660552405
5.074957927073463
5.264996325901464
5.2253850099835235
5.06971293446987
5.870951978177137
6.0557129165722134
4.93221977895788
4.514178230392997
4.697468727797855
4.800011650973234
4.588865165538553
4.855499740586062
4.971389324282706
4.595914062484935
4.470332467334587
4.537446811630544
4.650392789394786
5.057060144174534
5.515644591187852
5.417985794897962
5.672118942465252
5.4842716053540155
5.822532268886388
5.964182578227747
6.0928266635767505
5.36358613389343
5.596255047291899
5.16581585667219
5.8806438047260565
5.727557036414632
5.887829634451153
6.082208641887363
5.9874665684110315
6.057146526181886
5.800075782066762
5.967081320596118
5.913821247636739
6.266730706003717
6.208209629941413
6.572794064509067
6.5124285245428695
5.839214504196487
5.967149015501651
5.8732342791240075
5.477064188101444
6.007889287140829
5.8263895206053595
6.060378577285266
6.293633735615159
6.454659338331284
6.528987758493639
6.400002633493051
6.488161356916699
6.449001721640825
6.4439656198170905
6.431368873552383
6.676620475978288
6.938391869121193
7.024177888991181
6.157827943995112
6.261472456060682
6.135494736278872
6.229535197691113
6.525885219808578
6.885857279111115
6.728319463808856
7.056569561143419
7.703485697878958
7.99889295422142
7.747491631619388
8.57534676393758
8.83246561127322
9.004684246917996
9.399578400848789
9.29019706330998
8.845295322298389
8.691700484882682
9.260806466759771
9.082714918127778
9.208255059740523
9.556665976531534
10.483971515376131
11.089336196890757
10.416549797453282
10.77038045704381
10.648611505285574
10.086822325864507
9.688867286800846
9.421308285129433
9.819080867304683
10.254160725549326
11.254433050674296
11.675098940490939
11.310266370856954
11.422684008294041
13.632378355605656
14.484805526745651
14.914607987267251
14.182604227795105
14.486009181260131
14.392014579915342
14.32642352984074
15.201552878464657
14.964298646707677
14.8470688206058
14.8815686728999
15.990027347561629
15.597596531360292
15.518007075444745
15.425372141185454
15.155898465256703
14.385688435290863
15.176955297132128
15.137508738888764
17.150104271536645
16.77942018793038
16.268110250804412
16.58850726025189
16.584638554380838
16.483646560622606
16.82370971789498
17.38018693909712
17.885604909278115
19.723220464600725
18.780300973064087
19.18575709967399
19.335028738498895
19.185211317873836
19.112195366874655
18.05550689081231
18.35060702383248
18.262366567516782
17.69181072658606
18.23038877069646
18.652397835403228
19.32047992978151
19.399366093646425
19.782133501274508
19.57311586987804
21.70863673202353
24.308665235525034
24.94026494704474
24.207759503641206
23.92644832650058
22.8959248020398
23.09418229216174
22.25656479628978
22.977006202065542
22.31561097766688
22.852493647101323
21.57229994825935
21.766770021902875
21.77171026141927
23.387328760664303
23.59959420968836
22.73977035542812
22.84671087167752
22.11265107797972
21.381396327791222
20.597111887211472
18.739690177504908
19.55523566423102
21.310738461675005
20.774627305309703
23.494483516733272
23.53717172417841
26.96507654803513
26.476835855907055
25.708477735885776
28.95589218370736
29.214251300313293
29.130179499276746
32.402365184837116
31.346852330361315
31.677314092966217
34.05990832438422
35.12279275400274
33.535238582609956
34.239340518309035
33.122360925960365
33.606453476083296
31.761559971754373
32.93210777753538
32.9216510778764
33.229542163859946
30.9093052440002
29.117035180370003
30.98179914613863
31.318912227337293
31.608173874964113
31.855742079438834
30.25359142217133
32.08186418452176
31.97493864049523
34.9388429708274
35.06496913774314
32.53511291051955
32.73662175929157
32.29551616334512
33.82649909972988
34.490303122087795
35.25139482130743
36.82998150037514
38.91793858342014
37.926144365897606
37.28550830263468
37.527680217591055
36.11575407972535
35.746328940183346
33.98946094586673
34.440175083617284
35.5700040292038
32.08944679833465
33.258469954070044
31.871920677090532
32.589470734468485
33.22910267314982
32.69095244848287
32.714424385525504
33.06562097291882
33.41995235007216
32.53941803550763
31.37039574069432
29.47546617806322
32.0463382617632
31.572765100961472
28.433096105009277
28.367249931948486
25.201075044884668
27.54721821016101
29.094265415457144
29.103301283974627
31.07522343400771
30.392303295556303
30.73883061193632
29.57406676579113
29.022332006413677
28.87914024739794
28.88800672217171
27.637315402218466
27.73059671698608
27.016691528333105
26.713071813819173
27.723232505332756
28.73351770843936
27.868246822690274
27.72111323933165
27.373793405615487
27.849794806222224
27.639656229093095
29.58785561959907
31.39623531954035
29.7407859153171
29.593512248244945
30.219454448788586
30.147418023961
29.424399733430604
26.86054819695887
28.08213542589457
27.46621678364831
27.45044934398281
27.882349332577377
28.86852452989437
28.029166430562192
26.91143437006359
27.04457596584904
26.994913636680277
26.290803293843584
26.044082906401442
26.028820815637697
25.598756335697995
23.470662691137793
21.78184136956019
22.192856638190957
21.13552442487948
21.438610114224364
22.660341307040724
22.397000784809897
21.640177975581818
22.711985916020357
22.182333527545538
22.405261559837967
22.41198331530781
22.132223225463076
21.79884095165479
20.743634713075046
20.802050149098662
20.79882402829103
21.00328637795174
20.37333835182006
20.236668039500803
21.100079022468687
22.07089602274126
21.52942091072633
21.274946020551244
20.952862390413546
20.386317625786912
19.295565446060348
16.539149492885993
16.06705840939312
15.305145795446741
15.636151950460764
15.762523864743166
15.25344192048347
15.774018647075495
15.851400004686669
15.864912011776225
15.658669606856666
15.640221105914357
15.698543163499648
15.069978062749174
16.064787752520967
15.999440752637808
17.7717067476257
17.565446473346064
16.56807401757623
17.235832679975076
18.25621591466084
18.404843678815887
18.39617917788521
17.76674876061258
18.50818812059558
18.213555330073554
18.178637973531558
18.439964868648946
18.270884965957617
18.197304034770486
16.660830564258255
16.981693263705985
18.56408198171964
18.863273715830854
19.265593913477083
19.871274234837244
20.673757550541676
20.022760244978603
19.933305188368156
20.04647032727917
20.204883887569107
20.13726362437605
20.620731101504756
20.6429763650443
20.657758829943102
20.40350094227934
19.65150237230482
19.724033118326247
20.459061350938924
20.106983244842056
20.8702225038281
21.32174236869294
21.282928448937206
20.29927103181429
20.182283399603772
20.09585979748175
19.091819056623912
18.48443827957682
18.09425437978215
16.787903970858903
15.525739710711209
16.2671480543109
15.05671664123601
15.190301378096823
15.315763044273119
15.960055463126414
15.561385420788126
16.155944138818402
15.706698474503671
15.45494979771074
15.14311898663581
15.244517419197557
15.126556211344072
15.646634606310384
15.67247345886485
15.569021541425807
15.579235690297716
15.327630304627986
14.80075107726018
14.749627646983393
14.713131417378417
14.810220741564805
14.367813089313644
14.355063424677494
13.453104925231127
12.355426118876021
13.491954853443334
13.307270666913366
13.499499415457134
13.289084412414692
13.805614621722423
13.314382463392782
13.318980337418768
13.07505080457795
13.142355683940435
13.278340435460915
13.671553543014133
14.107027867793489
13.853563909099083
13.716390519164424
13.685902488392259
13.00717054213436
13.603275575206876
13.794575234456074
14.006360708388502
14.900504443309478
14.969516286188654
14.49911394271138
14.402400294232802
15.072651262021571
14.897654836330961
15.303621814103838
15.162796266272917
16.651217038759167
17.659959590160472
17.013462282038063
18.06731694374428
17.779565661603783
17.354672097456596
17.331768951043593
18.105663770242614
17.785287373025103
16.98120135034776
17.025802918717087
16.94388900899939
17.436952810120008
17.63534383459029
18.056718711616835
17.84868977674811
18.574468214673352
18.102591892792578
18.146979940249174
18.429785866197033
18.469727776907344
18.12227006043833
19.184981739970137
20.606359319469284
22.124597241734357
21.79557766853931
23.919374909046866
25.25283145161699
25.67332747973676
26.420489006558586
25.40353101258859
26.237614637148184
24.066232472692846
23.642234372603625
23.57106008535937
24.024721722374153
22.251104060858165
22.140091604747862
22.12011683926348
21.935212654010517
22.871503770762548
22.034127069698563
20.38515618213182
18.71084904799088
19.12124747113437
18.967838512147207
19.316274350494563
18.99084847186697
19.869623866638342
19.591985408563584
19.998016534820184
20.819562373865413
21.32006190430721
20.034630500318833
16.8768661458687
16.583534012655026
16.885542526765494
16.567936765899848
9.472898274350825
10.894970921051218
10.131278171005532
10.385577077338656
9.400670799774627
10.334280501627655
10.373602762410638
12.253209773574119
11.850720950684286
11.99980746761872
11.17898170597252
12.10417697448936
12.452973087703171
12.346023944979951
13.213239119724385
12.357103274977927
12.217985512461317
11.335800884890425
12.186326182993438
12.599921727906565
12.729267987374852
13.080913345630146
13.323786842399462
13.780459184615044
13.709492551782219
15.136323870581913
14.659982501326333
15.075401383425042
15.028759187793476
13.718825913499494
13.82675861556279
14.26511654964438
15.045572860921823
15.582720804249114
14.585948622691053
15.666737861469233
15.616281099861975
16.552955039683997
16.04655015576096
15.027804337444612
15.096507864715075
15.686738791246619
15.970136706672747
15.894827424185603
16.237246136924366
16.373952524617437
16.412718663883027
16.36205781128239
17.39372140310465
16.98087375117161
17.451782873526643
17.519661263697216
17.094938351330704
17.01924643648172
16.883233236755714
16.51209313539124
16.973507971075282
17.17429638517618
16.831057985373022
15.319104122325577
15.079060743079339
15.737907614097121
16.178744648828747
16.354338338129395
15.665539932690042
15.998854029229479
16.280923203891124
16.609872253376516
17.167573323604675
16.881454352776174
16.0669095726554
16.425133794724594
16.476266625185772
15.992111456381426
16.343638959558113
16.222916082933914
16.453060488158076
17.0369406967339
16.995852092999662
17.74005658373599
17.08047499174346
17.86826730805164
17.278144088449928
17.5321020358125
17.76777119114562
17.64277721077558
17.544231651455394
17.3855854776686
17.392401206538306
17.35802857503161
17.400270231856606
16.314759849959252
16.633166760636566
16.8077330047672
16.571572104684737
16.377795766770895
16.41756493914464
16.38942281312573
16.16904727460514
15.964316175348207
16.05376830453166
15.948151805705841
16.493462868940206
16.37632339031764
15.994267023204436
15.913795778184568
15.760713523841984
15.143047161776026
15.366038526155645
15.475919362097487
15.429636809481364
15.82008122659031
15.351366990642129
15.292613762872096
15.55406577871271
15.492049777777622
16.31375648247885
16.77301864557116
17.18878039611592
16.819681237789247
17.216878342022962
17.614558389871206
18.2822214187026
18.38502672798852
18.090037256165
17.602996971592386
17.151995036741816
17.079910599644585
17.13579467205755
17.964878581093124
17.48010559244796
17.739935559584133
18.064678785451687
18.679071364962475
19.174068633442023
19.80752853012818
19.520963080493125
19.68213941131244
20.159614377404264
19.872261286815668
20.031460865664172
20.693955717192168
21.602045818170808
20.907934984515915
21.95591965275125
22.262851677672508
23.258103117077056
22.727115837134946
22.19926947187335
22.868892057353534
22.42038767132576
22.57428903780444
21.133878144094165
21.60059011305779
21.76114130202024
23.024404503993193
22.90796258336114
23.47471960773288
23.52633097478227
22.97380165407701
22.307582956985765
23.07262944423247
22.094652464902527
22.175839292385888
21.837617728162876
22.571494222389706
21.452477453617824
22.225939657310363
23.071884718613457
23.06537998016267
22.991704969773377
23.62291042617998
23.163433626535507
24.666511939506307
24.64635903957026
20.516723360580535
20.967279424968797
19.40743243842831
23.236376313822095
22.31487527882162
23.00880342091523
24.486045253548028
24.41384260442618
25.389281087797873
28.453207780628457
31.117471967379696
31.213230898254388
27.17624422268861
27.85508077250597
26.791783085251982
27.09515766101024
27.202934633274253
26.429360501624764
23.533250188050296
24.026975887077135
22.810300091418643
24.518301019222108
24.625905335253822
26.17859218285808
26.194385294610697
26.849458383572696
28.78426116230888
29.241127996475694
27.45899928250056
27.247630487625198
28.220218346273406
28.97366756673542
28.602977522670532
27.67315432044839
27.6740125866321
27.691576992362418
28.389814112971795
28.261506530043167
28.50595190903315
30.676137430260255
30.68552818912381
30.875864202483214
31.223457537972482
29.98035105529841
30.235066947647304
30.644145203919706
29.90917535537419
28.77423158490161
29.64098750680126
30.56860046874098
30.599483406452123
30.55520055873557
30.068355994769256
31.1111601710148
31.58005214568201
30.383164679303057
29.821938544896494
28.497481230781414
28.38586753473156
28.383207088910694
27.901510425164563
26.860327392329477
26.850364190385715
27.66041204370796
28.931312481044976
27.694902163595472
28.272832381802676
27.97764626336301
28.15111180787262
27.939048497406986
27.5443138396036
28.19283500399967
27.953819650024514
27.601590116985903
28.02227380326721
28.496923304737354
28.069265692770117
28.046442178358358
28.851114684946694
30.45155540675402
29.977302281631136
30.89436317605904
33.74014404645124
31.38573384098398
28.1837367602019
28.488120962645503
29.11177305406224
30.112082957074602
31.24495320461204
30.13356223771369
30.28595059031463
30.651721259347816
29.155130399136517
29.723248921747913
29.486254405064596
29.354914757958692
27.667851740939597
28.195810636033865
27.69850463380029
27.38615040178182
28.159466955082408
29.050455885619403
29.970133365239445
29.52575816379816
30.447252032239604
30.151922995708784
30.953680574171166
33.28571226126745
34.189928969618464
32.303139741057095
33.50989058105248
31.298017131206112
32.49695050936928
33.15766052669594
33.51240176627666
33.49744381518995
35.916069082572335
38.83756963362207
38.1509269709647
37.39459108952269
37.907080194787994
38.3407827710088
41.073833461872894
39.96291375628447
41.70002777344284
42.18286284478925
43.399503661775
42.46668009933768
44.009471856745336
42.58410098557694
38.45392552379035
38.11427219614462
40.22565374012507
41.76107527446097
41.00211347628559
43.228026040119325
45.611289376230275
45.26255345762477
42.9091445016058
42.516660637481856
38.76373900578527
40.76713000700509
40.77664235619435
41.84754636819086
41.43889066736872
41.53699697144749
41.0620061062751
42.39337274825129
42.73677104822648
44.6166614363188
44.248361111646936
51.466236533833346
50.912193432972956
52.31846242135783
55.7736236256377
68.33895660447845
72.63187897909684
68.25050171789643
79.49801888923349
107.73553377385184
129.13361191797475
123.80544465729103
136.48052145554178
133.322626656125
136.61474253248164
129.37501831256412
129.7750465728749
163.62267032634747
194.52978782045926
338.06613613445165
257.3900907544965
295.6003537806796
268.3919967635501
228.72434783295716
255.4767184097597
235.367775596686
221.91199852607065
226.72686576597837
209.7755560977119
256.1825241472202
240.93415136962906
241.75975167975105
230.26650905990243
226.9398478508591
226.65626759661149
240.0619974599154
240.61622414964333
294.72023395611154
278.40134011560883
288.4728386043209
264.080531574575
277.1037454812445
265.97402356240656
253.49929241289573
259.05040404323574
270.92343249137247
262.65199569448845
263.57879484349144
265.268468060338
265.0540332337827
256.94864890376607
255.27786787587382
248.3507195782589
234.2370384788448
254.7015843221757
269.39591320216624
268.6806004111688
274.95685604326087
309.41128497847706
302.74519342468096
335.83418525299265
336.95153098017545
320.53878118767074
349.04540444084336
367.45802723081573
404.4605067817102
377.00503501889756
418.1377217019414
451.21085727443034
471.8358234440816
522.9036942041708
598.5534973410056
553.1237144074748
541.5605143363395
542.999425037437
510.8238324398561
516.786555529572
480.4177527813873
503.64777746828946
580.458871224804
550.8887930884299
513.6206365996485
527.7805404253345
499.32327439489393
506.04730740984775
533.5835251560673
568.9669199054099
562.5777797510267
599.878911764389
624.5765352142118
619.030889354574
622.5877665982661
675.0989738046136
608.6328978666735
651.8302379358385
635.5432986217273
625.0943959026756
645.0585761750556
661.8917093205984
634.58945301263
672.6378251611095
602.4357875472981
569.7521822185124
602.9050777032468
563.5052998307351
563.878710635094
513.8795215885984
510.07736523997494
347.44636606255773
390.4055489155821
322.2867462633131
301.2701990051035
261.2622534486674
343.5153238530259
342.96120646828297
378.0723879073576
367.29228652289953
330.473645280297
305.84897508449757
325.5740271352291
353.0811758712889
361.66565480634273
402.6103887950831
428.93001062084943
392.28088322664473
388.33019075735723
392.0265012406166
356.26141468125365
353.7624004673745
376.18736712521803
352.39187862755034
346.0770263345878
345.0457266991574
365.2476466395085
371.00423762337175
369.0197344143191
346.43933841857296
353.2126444369965
337.6347927394546
335.07018119431814
340.2281584344195
274.27055686293926
261.43223961520897
296.1273022004297
308.79361050917015
284.0782307500083
277.39963231242126
289.2248669688827
291.0298352850683
300.9239255732945
303.7424426595392
289.1924506931423
288.1721729444467
298.4150443566236
308.2587161797882
304.0232646044936
320.3670298197941
328.28831490686645
311.53319583895274
318.3107569140051
317.67435605424265
322.219354764812
317.7586462992751
308.8603138834186
309.4339650052979
314.6362318425904
302.3938694991528
300.92427931101014
304.2662316676439
282.23704136302297
266.3980943719025
293.84319116155376
293.8016653905489
297.6400291647872
301.4738994735757
305.4674583615863
302.9585615137897
313.4962897355437
313.7134832723744
317.11529159036354
322.74375771474973
334.98502851591746
332.3726400184503
331.452599995454
323.0998008181091
334.9795053490896
338.2818687741271
342.27520930886874
356.21901128850396
341.45649731912124
354.86681082174385
372.73212363858596
391.9444529953977
385.11114348041565
410.21123138822196
409.3239523090878
413.352941129316
416.9093485124447
401.4108438239085
401.11859917961044
430.26289463296433
453.52976111650503
450.152782312137
448.5460498577836
499.6471922438925
472.56789940825763
503.0600194308284
483.59478097364973
494.4910267549098
486.1135106261634
481.11230727270197
461.0741328057276
466.3250681926073
490.1903097419243
484.92303782064835
487.5028155359726
499.23220832331145
502.64789931106213
497.3629972066087
418.7199041232581
414.01508472530526
421.90434620430176
401.63387407746995
404.1454767462771
417.78466673455966
400.88829550518807
414.29388624030463
429.92698493835917
424.9286346297753
405.92466228296115
411.49215032485296
409.8656741984923
363.8928187736703
343.8883778193333
378.304383892215
384.8505093844634
355.7512176219757
351.3197716355193
344.5604683588748
335.6370807457751
332.2069635513584
368.21137136727407
387.5183524683549
421.4675125853655
429.3505314242623
431.4490158127125
427.5458615165339
443.4354477289843
435.2620060917299
439.9326470373653
418.31734306238405
422.312499600526
404.32984207958265
412.9041662172662
440.36732782218525
469.5721483361627
471.83904758364673
476.06043685916666
467.81392063599463
470.6037423333306
484.96283076555414
488.5758698597108
503.12263901994754
472.6932063610324
481.1525290008791
484.83585324776277
477.9704015575551
487.15211541381655
478.44458996042187
450.85609413572087
491.7140407371403
529.2882472230272
526.9439227746522
524.7049325140741
551.2885678600875
555.3427586577659
569.4164593460114
561.0755439359384
607.3883112866952
636.0540957346044
650.4955187419658
654.5480093929862
636.9276179113473
611.442280988011
629.7114198219757
629.0951051768023
652.233781780782
654.6251958260524
635.7060101886829
591.3491128080688
580.0133147253715
530.9570129634238
584.2926021273962
605.5286170448769
590.2541189074999
559.9888491894189
593.4866916637089
591.4138284048736
638.1682733737293
585.565593002117
598.0658826532297
611.4482335847231
623.8191584314648
624.0478871415212
627.5298135272164
620.5070871087867
596.4043662845299
567.2495179476927
555.8212703932991
588.4348263784073
578.5399946338938
604.9915670300866
574.641806152582
553.6133877159856
564.2782554939088
569.0004263105781
522.8376226690576
527.2875946201649
539.3565808593963
526.9418353141148
526.4854789150172
536.1871682219864
530.1187422479649
526.5978524574593
530.0064075047421
534.6981367362372
549.8265817194211
542.6983592819216
548.7449450690223
547.4764999433936
564.6778030444042
536.1753306823955
514.1864863211885
518.3716411383205
511.8047669798138
528.8656538402871
531.645840127719
513.2364309427686
508.80180480659266
476.57900201689165
474.7851450069993
448.57883955435494
430.92942233592515
439.156625815727
425.3108797625643
463.4275547369332
486.90638492744864
476.5975674395728
490.0587450233676
495.22486715749994
498.59986069893665
476.3945519061945
471.75845097802204
464.38929629781495
441.5417572067395
383.86404934716313
359.0134419494436
383.3773709361465
372.5032006223924
385.1048428042205
376.4547135125805
391.3431655632998
386.6374670963409
390.1593565970201
378.3370193560595
376.51047776345945
386.42137000970774
367.78060888976273
370.67591619482783
400.05369289690856
414.64214989920873
419.7392671915181
433.95641989576353
409.4113755057999
422.31035806309245
415.5170960475197
400.9747011099451
403.39577764667735
399.29362973121937
403.57720920349806
433.47281446401036
428.8180875718536
402.6685524727072
399.96396483573227
400.6940738297616
381.5753630415743
356.95637673151066
374.4295685151946
367.5251688253597
361.3380734966986
375.03608137178696
373.7079661445891
361.2948659522814
395.81210282228517
409.35284973272474
409.2816691541611
402.97758410846944
375.0267575042342
385.44055544847913
375.2821061110737
381.519857500964
381.74362262533583
393.61178701657997
371.96825460939016
372.36543603264835
372.861142791542
362.3421368408956
372.9835915188982
371.5510664751932
385.651946371343
392.37620805338537
397.6323146779455
399.60386256909703
390.73393615164787
396.4847041639013
403.974420320891
407.7264488090159
413.5199383599232
410.97060844052277
415.64086101303536
429.7920415860487
429.884089355581
434.26913259375914
442.79274502324165
428.7633719999265
446.51720877896327
436.6346092948738
449.0517773445914
447.4021754279126
446.6928276583855
420.5214175354114
437.09242241473214
421.46865244846873
426.92155320889725
419.82285192759065
394.05470314772543
414.5915061665852
423.54287679551277
415.2804961631375
417.5653550897319
417.7292561292627
407.52660227622914
416.9236775343864
422.18168588996065
418.2972967410871
405.007526363807
407.29828768348585
401.8406948222838
399.06907472547033
404.60678401197765
385.02761250551754
391.2855429453306
406.3266878708985
392.9643749272761
378.73468452228144
390.8651456422927
389.8047599149916
383.7098536711533
402.61952046900893
379.21236440130934
379.81681129021393
366.25622157917917
355.66558193095045
301.28375582072573
318.9583938325508
269.00669656703536
269.77280092605076
291.05538401729126
298.3592181960573
311.97562672862404
298.1658192080871
306.5358434449809
288.249178406239
307.630493551344
302.90843357288986
312.8154289324993
319.8494390456595
317.7471875282028
328.2995872481599
326.18222222703326
307.82419266656734
301.2670509597398
309.0366097163039
306.1490273925443
322.18861424458186
321.67744750510934
300.88079134417956
308.08906672268705
298.447625033423
301.8449199848928
298.81564352419537
295.58954661325384
290.92534560918034
288.97600349986436
289.8022594010039
286.08123055198695
269.8646190688167
256.08280782231475
222.63775191295326
223.45425894845545
232.69666343500458
209.83372009937108
216.15306665313966
197.37650625175277
214.7703823312349
217.19294624056735
219.48024051321624
214.5688252429915
229.08407350667895
240.94640906164074
239.91745669093254
234.53219725407885
233.84128189085368
227.0175546473871
219.36837150484993
217.01586503213366
217.73329223722033
218.25819305122232
219.35414892807725
231.65062433904396
230.74940984289344
238.82078337513795
241.78216105844197
242.55569956888655
243.05905629743194
234.78403672128502
225.96072062483077
221.5215445947843
230.44249662692448
238.36968523101555
238.4973062557798
249.39564994191502
248.19162914543435
264.1063233808582
268.38724240866617
258.9692212292539
265.2737508667017
262.63868687491663
259.4633930401048
262.12520563968855
247.10409715850267
248.85123503979386
270.305244098005
276.4679544715501
294.54662157281666
287.36216457951184
283.91540739722217
284.0950606612527
284.85832039422485
298.49185693478915
310.8835795429203
314.7557202157418
315.5149407134086
323.2333944550063
324.9310209829221
325.52182160661977
327.76851073965094
323.6498506977299
327.3379259505562
323.8887239808326
317.7019877250016
319.97483545151
316.69840043102874
306.6392868905775
298.6006995468838
279.9778137568797
283.656155240003
303.0151479538937
301.1561361796223
299.463376750775
296.41961244603993
301.8177863704008
279.40642417965796
277.85418929875823
277.7793667633549
286.40738466251423
281.2938188285588
278.5787490121518
278.86798697362656
276.7779042811536
277.51831028933856
278.75305282032576
276.55056282410976
264.03727128242207
278.77305020211605
280.55767662394817
293.0262178865758
297.5308790857409
294.75802344365405
293.0265876719509
277.42108371784286
279.72005694926696
270.7297215251866
274.3496322710761
279.33610940451564
266.6233589428211
272.294397316546
266.30872419092697
264.6430723796989
275.9416807858792
276.54453165257104
275.43957294082526
274.0886174359959
275.6450211777494
272.5502043464818
281.35816084815264
283.74872314150554
284.0074317083427
282.86981249850436
284.943142563058
287.0239733773218
296.4786138635916
293.994765712581
284.6831470938366
282.1380761233629
276.20000444263593
278.21101434456375
271.8858994634033
271.36643087829793
270.9230856875024
271.8081703675306
269.2012020625651
268.8115135474888
272.359699567604
275.81935662561193
273.35214811973776
271.62616712300417
268.96503251364254
269.96653990650645
270.4364471259337
276.01957645652334
273.65519384649673
285.15419202713457
290.2230866189964
287.011074547805
297.70435875192106
303.65754404105
313.60056079900215
326.32149655475104
324.69417703745535
320.2613946314507
329.5846389937549
352.9461579035513
348.70361246682364
340.8931520879805
337.0016536650197
330.6993295780715
264.0156828418253
303.54990812229
291.0495603067069
281.77897038510287
276.6320889673084
278.40397281014515
277.1353122741133
272.25465844602024
268.14985634550976
274.0765267565594
272.3602662535667
264.40273888614735
254.40350517616608
266.35995578420506
297.75275343880065
300.7303265004611
300.8092123894143
311.24459933429426
307.5693272734675
293.64957881359106
296.4125819335669
301.70616571685736
292.0902464905152
292.771285723617
291.0209683080699
292.5518415253399
288.58893380851634
290.1949343288683
284.4590071248974
290.51971654294226
286.23231261782905
288.0232700990562
284.4874611576896
276.950700638716
272.08818853446036
268.27919616925516
257.2922574790732
227.85848413813025
242.82820622253874
251.64525712185642
241.19150509217152
251.67565745784216
245.8370886871489
245.94863332818133
246.22016937416416
244.7422939771148
243.3434175145285
243.75051797543173
246.44461842860986
244.03445977512936
246.45075807104243
245.83781124667948
246.65936120574213
244.06456734303708
245.42975628242627
246.21147125205005
259.12811648835725
256.4740131558113
259.80063819702076
261.3192647814156
273.53602879922215
272.72570123838176
277.09901135735623
285.4685940120304
287.38588820938793
294.1442843030924
305.80593437211155
301.70933600413946
298.8973192510195
300.1861465904951
287.7064487280841
294.75015635498556
304.9491185578326
298.95597595248256
303.1682033719517
306.08614395630946
300.5596006860807
307.0870836154322
304.8876268040751
308.46491509629993
305.9476086163142
317.3058436293438
307.0579942811479
312.5124111003879
317.6478001387411
325.4378607655227
332.2759598355965
330.84808057164304
327.66158500544736
324.9705115670021
333.3934671331275
328.36524001800655
305.7504764007344
305.922777928334
310.9946900861517
313.54894548425904
293.31853536451445
296.2006166788949
317.253716942579
306.7607705486582
313.67158841558035
316.2076873945047
311.35437639872123
314.9405352551521
311.0758832548785
312.4648086454937
308.513806240444
301.8300281763101
302.13581645970845
308.57409402196856
304.5602014720987
301.3031642449634
303.18231804025635
299.82054496141643
290.21813598226385
289.16643388317925
288.6204867584976
288.02165310030506
289.2451007399085
286.68710815664497
277.48988936682974
277.03259060245836
275.7372051266238
289.79025154468764
308.71850158096544
309.5761716774615
307.7201385505735
331.5288953276436
339.76378777560984
333.0317288963574
337.45214925735536
335.5951089488217
336.8928482178094
323.6013052701185
331.2478886780775
324.0768103181536
324.552364038878
329.1465152858932
311.51206106495783
313.57729882917005
314.1509386529665
317.1206678790712
317.2601152578647
315.083596866553
