122
38
476
452
394
8816
7974
3255
6879
9327
22611
19555
14255
30756
102051
139279
402573
147525
76860
126437
134029
49300
47019
90905
116682
89882
124661
108175
91617
100623
164445
189983
190862
160861
128762
159236
133724
144965
169115
198754
213900
216497
203125
181386
186273
181056
165489
256724
195040
232591
206921
252173
262272
206741
175414
206816
166764
203864
206904
183768
176114
168820
152483
144797
133651
139221
175229
145250
137653
146274
140948
106337
133382
123764
134093
115206
111137
99845
104808
107793
115757
135869
138862
151138
118346
111174
116865
168156
162314
149167
171334
194657
190714
189242
181139
185979
231557
237154
175198
172972
163599
189504
173206
167297
166337
146404
143080
151170
137378
149223
155340
212134
231832
201672
353987
395680
473760
409807
333225
300088
328403
340521
355741
321431
387700
351731
349435
388973
419057
386939
364275
395637
408690
396586
439160
416585
362717
382569
365079
327478
294426
268868
277469
322736
277785
324221
340976
326713
346519
386760
532654
771461
736931
584088
648358
636990
699127
727103
751667
830313
970733
954847
1078981
1275364
1659274
1679515
1707447
1501907
1259752
1661650
1607007
1928846
2124520
2481692
3222127
2844592
2336773
2642661
2707567
2671457
2770274
2823391
2559463
2415306
2516547
2557374
2233572
2705769
2298737
2063146
2335566
2201395
2368350
2610651
2930895
2749740
2458323
2554382
2916566
3726576
2721126
3209757
2857630
2653992
2530343
2762747
2745092
3238655
3229855
3022243
2691589
2643295
2904177
2952577
3017773
3232850
3650609
3485821
3425302
3906615
3589726
4026198
4995155
4626336
4326527
4147671
4862869
4386949
3874057
4737269
4682570
4756436
5089019
6012022
8165937
9131356
7184053
7273664
8569991
7209781
8198130
8031619
7569117
8432251
7562791
7301707
8471343
9168054
7825832
7894713
8387861
8829010
8431492
9713722
8636914
9216600
10352549
10281181
11838329
10929049
9708079
8935913
8820468
10091497
10351161
7818616
5697892
6817034
5375072
5112472
5101180
7202756
5298088
4623181
4497140
4718434
5213790
5297577
5090036
4896962
4831790
4447832
5111410
4418905
4404475
4458997
4395032
3939745
4148193
4380135
4687817
5068875
5389572
5497313
4191386
3664078
4501251
4464987
3663964
3720984
3756596
3150531
3207004
3608351
3623568
3354675
3625071
3371337
3140414
3835922
3843328
3986674
3800822
3531556
3687574
3463085
3232655
3790167
3392174
3695845
4108064
3727662
3738170
3985328
4884864
5242564
5428571
6043254
7539219
8604350
9193535
11128894
11918068
12924072
13173787
10447918
9539531
9802667
9347215
9102555
9006191
8972353
8318454
8305274
8608085
8346474
8111912
10004370
7665571
6768179
5923114
6591807
7144459
6944741
6812259
10105142
8436151
8496102
7009559
6353504
5325125
5147963
5828835
6419814
7679385
7052008
7805213
8178179
7936429
7903511
8001261
7517833
6932986
6935796
7124427
5992074
6209084
5570215
4622294
4568334
4875663
5270039
4931935
5372620
5226451
5765977
5516443
6203500
6093073
5848302
6475942
5766857
4714117
4957680
5178044
5165976
5660240
6317913
5596214
5612301
5603591
5835348
6564313
6414466
7816968
6139101
6045124
6270206
6947911
7366768
8429278
7766813
6974309
6078395
7022554
8093323
9126940
7812142
8824346
8146057
7447761
7160341
8331025
10000079
10608079
10841297
12074976
10354008
9281462
10031033
11133939
11298245
12181896
10458494
10586212
10346559
9961142
11189730
12161484
12179592
12178956
11493392
11588766
13101907
14758407
13140488
13805375
14165602
14608381
13994207
14310590
15293782
14952443
16262505
15902366
15354587
15275590
15299829
14831893
15103274
13079730
10906939
11038907
12399934
13279799
12662661
11402535
9329574
9553421
7062304
7571628
7324529
8139746
7532040
7908389
8183658
7244937
6193650
7608186
8749631
7812318
7572415
6614747
5821521
6578428
7242921
7065672
6816146
7268521
6501078
5866321
6324471
6864708
7501252
7684524
6983779
6624778
6191599
5574034
6627867
6214464
6228451
6310847
6650099
6131386
6097206
6183624
7121112
5949651
6669652
6989652
6872378
5264910
5954030
5820758
5967382
5836394
5259484
4909597
4642033
4780399
4855935
4846409
6236315
4985511
5290981
5034167
5939012
6426089
5526234
6121922
6314066
4988878
5080772
5274732
6454338
6507899
5953873
5989724
5103765
5447812
5623913
5725124
5772834
5839078
6216309
4970280
4675745
5310862
5351183
4924379
4967283
5089487
4621655
4400332
4951593
4673736
4896899
4878789
4633002
4615760
4530927
4973138
5081054
4929310
5102480
4769994
5191678
4865003
6172067
5667075
5509957
5861517
5087329
4701637
4834188
5568820
5344954
5844847
5843958
5724223
5483863
5108578
5723011
5771429
5269598
5535247
5067389
4301462
4267530
4758614
4835926
4646800
4432114
4430185
4540729
4345617
4586782
4630140
5338467
5483601
5224889
5527254
4660749
5384072
5275215
4816824
5246574
5521291
4692673
4527768
4232416
4084282
4596676
4748569
4291334
4215245
4239064
5773186
5229964
7687877
9786553
8044870
6919425
5074861
4907084
4312875
4264878
4311128
4068798
3755463
4008717
4877231
4579655
4514886
5075077
4486847
4002224
3911115
4463422
4359543
4214718
3829278
3667007
3545295
3703204
4213888
4337901
4470242
4322352
4414999
3824968
3774963
4961847
4555656
4342366
3976351
3570978
3857194
3383027
3881487
4031753
3609443
3703467
4139505
3824449
3622030
3636242
3924106
3945854
4166961
4116923
3415165
3164774
3902321
4039051
3823959
3919680
3796130
3218490
3147593
4161708
3739987
4043050
3763817
3952119
4716228
3699313
4158091
3962055
3657736
3504953
3530058
3053179
2946027
3603570
3361203
3592022
3712001
3747142
3699787
3625637
3724420
3275960
3306738
3536184
3562687
3370958
3125159
3663004
3604870
3544566
3636719
3176499
3334290
3010707
3405182
3223673
3129544
3190050
3432116
2790139
2595440
2940614
2883122
2801702
2983331
3263932
2706199
2865886
3292112
3316647
3398284
3547371
3271114
3031280
2897205
3258159
3791005
3698596
3787015
4221997
2947918
2834211
3255778
3170270
3172780
3571561
3782693
3002261
3054658
3279108
3143998
3226391
3210281
2940439
2712774
2689221
3055298
3250812
3588318
3067693
3108102
2810469
2809955
2920036
2915569
3056194
3059800
2356359
2699689
2677606
3084044
3934760
4883388
4415309
3385093
3020464
3126860
3549437
3652486
3603457
3578714
3522705
3487918
3405371
3485052
3753521
3811851
4174547
3553950
3575937
3555895
4123891
4200105
3742032
4846993
4582969
3803103
3554013
3711917
4446047
4403695
4035882
3676442
3584496
3568974
3623188
3648882
3522591
3573287
3313847
3096137
3411334
3375945
3379407
3668157
3600211
3476755
3315241
3491836
3721709
3636742
3821474
4146138
4117448
3284029
3181472
3399665
3177100
3189729
3467696
3244946
2894157
2844215
3109846
3485165
3237710
3451177
3438131
3150561
2669484
2777652
2701598
2671030
2782058
2631310
2728071
2691394
2767272
2638446
2723660
2869058
3017523
2709277
2255563
2455883
2461572
2538459
2506904
2487374
2414684
2657343
2909176
2756547
2720983
2895392
2779770
3064831
2688593
2919562
2734946
2888064
2775048
2843816
2976036
2527498
2556322
2837625
2806009
2826880
2978785
2732669
3007245
3137599
3283503
3151754
3294278
3017383
2968498
2960861
2897310
3277981
3193651
3459830
3110917
2880559
2898079
3308302
3073071
3306248
3425204
3363109
3179009
3260147
3428301
3424640
3589181
3657668
3652724
3496258
3365746
3817848
4594445
4463742
5174219
4033871
3402251
3375200
3633761
3531561
3449127
3735082
3871056
3725495
3393975
3795376
3667149
3718999
3818701
3754404
3407515
3354080
3584970
3683806
4713138
3751941
3617025
3260593
3366014
3616771
3890700
3898284
3603091
3652973
3385802
