2.83162
1.33075
0.6875857090838133
1.067378879429946
1.256613175101658
1.825395446319752
1.825974891355639
1.670949668937766
1.476607254205028
1.20387143115441
1.281393051659975
1.252738651679077
1.484195074171873
1.40631477379752
1.380721536476638
1.355182100454404
1.24657168269902
1.160828327907264
1.119639156482987
1.133690694008804
1.188895698722608
1.174343905252208
1.322350879918967
1.353368417391325
1.350786688734447
1.278810765308764
1.262770719520856
1.269520099878085
1.334976229386974
1.29888313413515
1.256223439965584
1.236033260936938
1.206529945086729
1.167234841402144
0.9765090926915041
1.038203585306107
0.9386521502557871
0.87402296242848
0.9418231857274298
0.9032199195724051
0.8830787289063511
0.8460709193872474
0.8821037996855977
0.9363277614869444
0.9010928790890973
0.8971422650551497
0.8940475222994914
0.8160373080893036
0.7405192998515878
0.7778014991497727
0.7213584231130563
0.5830570046974366
0.657832489515796
0.7347630535971914
0.6858121897138929
0.6762217338750541
0.6874757575411915
0.6675468579375702
0.6282550742429386
0.64565776230867
0.6100126973575233
0.6234833021554507
0.650768764684828
0.6297949417268295
0.6370439806918999
0.628787281832734
0.6026272723327593
0.517689435598842
0.5614990042588522
0.5331480200007419
0.5490283089973744
0.5184445473595721
0.4870672984193326
0.4329785990312485
0.4397689744048958
0.5654615066780281
0.540737766800056
0.5685737685118122
0.6319388092249569
0.7439579097275092
0.8544552504832845
1.010409721259424
1.163748635576317
1.041849054896385
0.9070916284167455
1.058541941291151
0.9550458603200441
1.002344802929553
0.9018086605486009
0.906601136813436
0.9094421987209234
0.922482091197951
1.030499514179018
0.9958029845225516
0.9348342219016499
0.7887611772679245
0.90074206650109
0.9040815579448993
0.8842289054037304
0.9108255481961639
0.9338407839578461
0.9952733578828389
0.9944285799213992
0.9514712892422663
0.9268031189591781
0.9735724342696529
0.96473853235469
0.9452203362307195
0.8993611354663962
0.8677070917677269
0.8948747707881739
0.8707128002545287
0.9173987754375574
0.8717449537893333
0.8736009320890139
0.8750039976447704
0.8227337811375524
0.8247651888810106
0.8387909512811372
0.8645837297560469
0.8349924869606098
0.8007502839259887
0.8188527088752511
0.7918293483107267
0.8474422420390545
0.9167389424445134
0.9712583097472548
0.9583031735578238
0.9954898346339888
1.0170637001075
0.9889124423815733
0.9402283251940493
0.9211717831099321
0.9096329169325174
0.9032316429089903
0.8968062870238118
0.8789593130596947
0.8675654552724993
0.861363016488459
0.8707183439745884
0.8530178649009634
0.8588870868776094
0.8421696130307879
0.8694878107781919
0.9003543017405369
0.9365399677803522
0.9463133430749894
0.9381261621726148
0.9721969755035614
0.9592978352147374
0.9531022411427653
0.9684340117908705
0.9589767803876823
0.9955747811931686
1.02478096778813
1.01996585607406
1.068726621062779
1.167362900827917
1.12958834642001
1.157377553252501
1.21073546288485
1.215691295024754
1.321855711753408
1.39830112692888
1.3769900190471
1.565411904541257
1.544691862235827
1.471341822504971
1.692156284936261
2.131691495370684
2.48139608647395
2.086782726986503
2.384501158704437
2.519719734523484
2.486203232055895
2.437601273512591
2.298766557449123
2.221883059355513
2.403111855327034
2.515949933456795
2.557178944302694
2.532878565491474
2.517776369343559
2.950776113177157
3.165335693696386
3.720453286688504
4.427431437703359
6.005000308112697
5.475649283683189
5.373284921940013
5.169512436402438
5.319058286377442
4.368970122064963
3.744022470740231
4.397939042003922
4.493895382965731
4.301875677560981
4.653970273276003
5.608714257576696
5.612091439849516
6.134381259039694
5.93625743323269
5.897351626440898
6.357091762158404
6.440650848847282
6.312028458049726
7.560157049617909
8.398318163034869
9.504937042998197
10.03776475108964
10.93519773927983
10.96466178163567
9.397469868813554
9.800690787314164
11.97157975649351
11.2064229700308
11.20893669288255
13.37620667356022
14.89359978457807
12.28982460670519
12.966897673599
12.52943314528079
10.956232214701
10.79765033887468
10.43953586817164
10.21749097388716
11.85112269425594
11.31742767517068
12.40319150724304
11.12762218636002
10.64069143211582
10.96552244468764
10.37751681820161
11.67625154039094
11.73817083046575
11.88228675953419
11.35463054290018
11.63607180334684
11.5639776320382
11.51238012010477
11.18688123888369
10.41948468988903
10.66622342007389
10.0295684039377
9.758944911021473
9.899719595415823
8.814617175830122
8.66829211893249
7.51681223420342
8.015604593105122
8.43365602127963
8.20613745870167
8.555981966976974
9.323170276346234
8.960482405053712
8.696773038727313
8.484150722584234
8.11104074507033
7.855106665179344
8.377192623957283
7.995361207240304
7.812751656077315
7.424663266229029
7.724694549946334
7.250216005225782
7.47581760975781
8.892970091837213
8.832454372832895
10.10782116866719
9.285335810954495
9.414136136064808
9.827130178456441
9.277042146778028
9.381202893584621
9.52920206226682
9.353276545574158
9.350283703928604
9.981302920467385
10.091492287586432
10.585661577212786
10.176098567981153
9.960446892869543
11.1336459827202
12.157137161266911
13.35361430554958
14.71832475600216
13.69368343400459
13.99924843857703
14.248986066415835
13.23503660198636
12.66434299000911
12.50426452924122
12.498353409631168
11.19174476153149
11.76324560569715
12.38905213533701
12.67843106889236
14.00927375901662
13.857937834861247
13.77433887468257
13.8427358773047
13.697394260187224
13.970529067786634
13.942005553967727
14.549216948648322
14.43177555298705
14.44062374394472
13.943733928604544
13.960460970231287
15.697007269686255
17.55275028575095
18.770374371361417
18.421853687438038
20.509400413759888
15.397397817568129
11.197136666677007
12.23058702890821
11.814834520499266
12.984597875196858
12.737756210638716
13.676478995775716
13.94189690132606
14.276287720956573
13.845029961871877
13.932543491059052
12.295660556232374
12.800496100256193
13.33562669996461
12.329645963731734
12.01798250397972
11.825161030775883
11.421738727166776
10.540860504216047
10.51055993812399
10.098931265626275
11.39547874677082
10.99572234732321
10.957294339543301
10.515451706239658
10.606193607117202
10.489054686552203
11.242970957141127
11.32509705331988
11.701716015155743
11.314787410063753
11.022556335862294
11.582501423627564
12.152788273478947
12.605917129706976
14.319877369541702
14.389725342721574
12.803851809790078
13.816630680711038
11.771641757280554
12.96633340222508
12.883149607897323
12.840037637363167
12.547081780784822
11.868408414551208
10.968397852276404
8.352592747838974
10.22174781589873
11.032160216870203
10.940014108153814
10.898636348546457
10.920308055489057
11.245805121088916
12.191218707659688
12.141222798878122
11.988140188861896
11.973720126245913
11.577472667681942
11.25990352208696
11.230807046622242
10.25082244872534
10.73534634440297
10.724216809737694
10.718344718920152
11.262754476834717
11.154044310153234
11.061377388887204
11.012543081655863
11.013811994175523
11.339127441192723
11.256812662022648
11.14950758737516
10.91304107690759
10.906290588906247
11.210877311518441
11.49662475092663
12.002877477501157
12.09104280233147
11.797585220569804
11.662579543984544
11.751897477880805
11.684755437748173
11.550025415616256
11.33639873415642
11.63011682103449
12.117830861883727
11.59605624659764
11.84714198083278
11.881729455789054
11.912008011075965
11.901478405174705
12.522369283417852
12.68454280449742
12.369052139120052
13.160168063025644
14.308046581659253
13.705179799911743
13.233802742993412
13.318993324210759
12.859605765847848
13.045598643367276
12.818746399021148
13.074726797493888
13.313989439262565
13.09665700624727
13.194818155480155
13.269827224677638
13.197909934562759
13.470600090767412
13.261962214071206
13.056650848974803
12.826128461125474
12.655679278508105
12.175874962913426
12.029519227976937
11.837832089591664
11.750267273762638
11.854687660404304
11.96064220847878
11.916089474549377
11.944605165006873
11.930313388885365
11.974984398539725
12.509511262679014
11.973806158360992
12.016522079125743
12.090575972840435
12.045038278304451
11.933800410433603
11.890535450541087
11.272711525960538
11.497257370206905
11.456673402613983
11.523584376027783
10.336819684434698
11.186557158904845
10.88070260049341
10.792187379279612
10.783585401157607
10.811630097854405
11.129995658864795
11.066058259923683
10.920762843886132
10.874200829423744
10.890105501340495
10.664918162834825
10.519281388267027
10.29308735231344
9.664325241310054
10.110719459728225
9.991652804266907
10.200083856801202
10.025367620097992
9.96397798540216
9.453697368045109
9.66730580728121
9.530496491166998
9.575907932522316
9.81249150160966
9.753493133033384
9.180997416192705
9.335116893823114
9.288306186526965
8.907402683417718
8.70845246717361
8.158494315710797
8.650154047457612
8.439785438702646
7.637917965068979
7.892622837022096
7.469132189830329
6.815609222087059
7.631916157246792
8.13507798254848
8.302596338463099
8.504900484563588
8.098585501342257
8.214985823104497
8.472511708508414
8.35100726243699
8.207853104398847
7.770357969755126
7.796626831717168
7.820282701062171
7.856185612715422
7.5922361645492975
7.623783721340898
7.856099400557245
7.575643744053494
7.201805732308588
7.2227628476531995
7.2132341590915585
7.268475378158216
7.171806594177698
7.613307736356936
8.172329056763505
8.15378652716307
8.010852235417396
8.064789989459687
8.361286160728705
9.626792384988086
10.972252853086058
10.115254241883068
10.154658304812745
9.824278869463066
10.267836701334787
10.285955970375603
10.523650713762722
9.661693873756436
9.66715894243992
9.650805118856487
9.695262751794939
9.785923385543578
9.5212839167112
10.258458296131915
10.125537740945934
10.385306173596472
10.549960559535752
10.872633993948424
10.745356049118469
10.751024402450716
10.399087248402381
10.471671231503688
10.555255877288236
10.509979092454431
10.554962953815345
10.430442595335876
10.570411298387052
10.677298023363218
10.700989418222473
10.81046108694813
10.937685579154774
11.33331586102519
11.242238837962214
11.294016130984236
11.433167440255266
11.335153011135779
10.914963949831499
11.275640644361795
11.399125371500645
11.354164564644952
11.281947015245585
12.972145045966517
12.934716009243267
12.835968798993127
12.7034838481457
12.816285332013342
12.775445603327524
12.750223774537398
12.73614094049859
12.600296405431427
13.15516545737877
13.071871231178674
13.546938608109645
14.547676188997867
15.358690360839047
15.702781231900772
17.168029711638418
18.993581792674195
19.58574948053123
18.63867345258356
19.247364659986754
19.670705614004156
18.82733332066123
16.7497435780077
17.632128818481693
19.26359042821057
21.396413225585537
23.09884795827443
28.4460651994335
28.53666459127697
34.19736420741617
39.86185607085268
44.06729598863206
32.26798526618718
44.08879749579081
41.86369288259116
42.47845801399063
41.262612537182946
43.274929979555615
50.894791438930966
50.678966487888445
50.049454214237386
49.017113803037155
50.259542864330534
52.84379426461343
52.313175209019796
49.9646672803426
50.42578760723248
48.37846727683558
43.57923995912754
41.79779504583054
45.590295052351756
42.978525212227865
42.40137665621101
44.501284387189116
44.1907610730727
43.90534128958704
43.85889483882994
46.197883489516954
49.7503375730287
47.56205172159332
49.122793411699824
48.70871927867354
48.34641781155764
50.759170818800456
48.1594963219902
50.065253649182445
48.80173571247641
49.0798706465032
50.60871348408776
51.09741863901202
50.97375547481341
54.87817856677162
63.95735376256868
73.0109629151518
70.45153824766224
79.8025539393512
76.84617780144701
77.34604386935915
80.9294915785314
94.11226519917764
91.16038713753753
96.42767965195394
89.73967947914684
87.94812005196805
87.50244390780135
88.41058886851773
88.45664874349296
88.18109149325619
89.13893167771396
90.05504056395782
90.50413159922428
87.09148558444505
88.21316751381906
96.62584622982801
122.16278299258484
123.02820305804211
148.65732047983943
153.99006380727735
171.08002832171815
190.42581317146121
176.81781507886726
162.94448638549966
159.05524764233746
172.3406699356334
196.0785933386944
230.79837139121355
231.37212671271118
221.82807122254022
224.31670548594502
225.39759443485244
247.4275410848339
248.93012523209245
266.13970806704395
256.21892337063565
260.3415097477362
280.333547997722
337.7921754587072
341.0796489185503
398.4307850845948
389.9448221775502
347.78135772227546
346.36906994261665
358.2845168676378
372.3570110185702
359.4387121135216
362.0442891370599
358.0532310647092
327.8909356942679
326.9598139741636
331.9138051489657
310.05462840596994
288.04702626534885
258.91946273454556
280.8130146788337
317.2936774724324
300.18215256198584
284.69108328848546
262.47807335859795
286.1336070099866
278.5971953381099
269.7366305781692
265.9369454655199
267.4697236476019
241.4766205298395
246.21497097327446
238.75431849081662
210.52819727984127
194.33493649003975
222.13885617231483
206.41325042813503
197.96945236247697
171.77744094493255
156.46899162898947
188.3527773486568
228.50328003667275
199.59051553264698
223.4613483872583
217.08647395834424
231.14352894295098
226.7185992848529
224.91340709342114
206.81050478775018
200.3285558009793
203.18932178158303
192.58568390577597
205.51111919711502
197.19896347978235
203.28719634179097
227.08056705038587
219.05792926762416
224.86795657659746
221.67495953018923
253.15566612330053
263.2220861638244
268.49662903477497
295.14709831672786
297.0696048197405
296.7767240757822
306.826433219032
308.625531335255
297.15980274719976
296.3972895244633
288.4507671723357
300.0393294082391
300.5703437604035
296.114635373622
296.6220895183796
295.17157732771335
322.2012201364436
312.1744705574116
316.7889202107443
321.7852984049241
329.0252809929819
329.86578262442157
343.34133712814116
344.2011314209417
366.809589912788
378.90633073469184
382.9344507545728
386.3430570009356
346.3987754868897
349.92924044114534
299.7173318855491
318.9728041158723
333.20632999273016
329.4156625176296
304.47510826802426
299.6944444705654
292.7796567856866
296.4753988432914
290.58653195906925
277.33365793127047
214.3117136334975
246.9218572871298
244.80561175288247
249.66654597502836
287.96109568877347
280.4456323420793
279.4176492108516
257.465074465559
263.46977368373445
283.22215899335055
280.68104473460187
288.0857009417575
283.9294530726591
302.1518453516756
294.3138380117381
288.11459689868053
297.2689355700251
299.6748890236153
295.8400297394862
292.2107206992577
293.0357027858311
293.71934612048636
307.7089805559562
309.5982491240284
307.05813687389934
295.901045084102
299.9170113647283
303.2474665353709
302.0199976805083
337.9526134340301
335.33824482981413
335.3913549863649
331.967214731027
317.898212514702
314.456554240651
308.4746839282341
302.35649692557024
300.69384596228315
295.4882479105146
289.4140251237576
298.75573430773346
298.4839668215046
295.7078546189935
297.9291296930045
296.4649529071602
303.74113040048763
306.2494615338919
303.54211702851427
292.33053872865435
287.0696687458828
305.8432726789198
299.9549103522952
297.5173231052644
301.370794552855
295.23511338265723
308.9339866357258
322.32952048358885
301.3549333527746
316.2583419604271
314.1661277072687
315.34395637188766
338.937627406501
334.286932546348
330.021315646911
333.351255037181
348.74721545667
353.43572964676
365.786815977961
361.055822571048
379.409057274538
412.557611501513
475.002014978137
467.446390045639
468.998099373249
484.362624150733
474.182894748523
428.345443336342
454.160981519821
469.863479570669
469.857050536754
461.880481908051
472.252735495896
467.016662982671
448.328222164605
451.825581860168
467.881662612901
482.035518858509
446.691058078548
509.000876237775
661.841332287634
709.883193572531
704.621843737326
693.09706413276
702.244612799479
728.700471211578
798.115404033608
829.989201766042
813.403602277568
812.885159103535
669.276492289395
715.719068265809
686.208308919806
733.902545910265
774.110198124999
764.967062014162
736.840047017461
755.343641318154
736.909191519636
774.696255457107
776.080330355968
876.890258814416
963.0557506903511
978.416104183522
1004.8949722625625
1052.02336010703
1137.6549188901813
1184.92393027798
1361.4396682787146
1345.5876017375906
1181.6514100305303
1315.6187580839762
1448.1800861342022
1410.0002145085193
1329.6713965043375
1068.6004106894156
1022.3652131699663
1036.072312788025
1046.8985973958734
1172.9172062239459
1053.6332024800395
1000.3871327788332
991.665320638703
1056.8792325682198
1059.3154960264808
1048.7989058434846
1095.7825142892807
1237.3241758467964
1169.6342569193446
1161.9086430994253
1058.0960529662955
1106.1381723552724
1021.2693786534147
914.6388425021536
941.8032295185238
834.8891703333355
684.3133397266745
785.7389155049871
751.8878893661607
807.8227505154956
871.3268829432668
854.3498784217315
817.2905243571003
862.7487725902944
833.7791837295838
915.0765430188819
928.2935214045194
934.6767104527537
964.2765079107337
915.0920469360246
928.2902425457683
902.9690554385094
809.1296597083212
812.4468626177468
864.6697536212578
828.7233989886703
842.6280247519165
863.6502752378826
869.2632438249697
846.3652117960792
855.6787797305122
850.4429895810156
844.2552535175925
843.7565763098702
840.1509954642488
808.4491332246333
752.5931712474129
699.1898984866136
710.8916532666208
684.934340074043
713.1953300017516
695.3142030222126
684.6415843660401
608.3931488499501
612.4435397197692
607.879487479319
560.1094330840288
538.6905900543026
555.0775482373977
554.2098259834895
561.1465342247278
537.7059724380829
538.109029163154
519.4855998398031
519.3780445915389
487.5396120553992
449.05225249207564
443.9491009578748
385.32709566886405
395.32626329061816
395.79638095782116
379.1235134110076
384.8259822881638
415.7162339703384
380.28195959120734
384.46448544618835
369.9138976693199
383.44636088273523
396.98175550697044
398.77335502107474
412.6893456266917
427.3849460078481
488.60548934434905
488.99218126708564
495.11291363236046
525.5274445398754
507.11031309582995
498.46700764950907
517.3740431959737
566.3920838512778
590.27192246768
600.2596767733208
617.2024078855728
636.3671638965957
705.0276448443027
613.7267252906634
657.0577934851548
641.9936056225328
672.5969368274542
680.1204953886593
662.732735837356
665.2257861413076
676.5525639388837
781.4257804747286
777.9076470179848
807.0673291637275
785.89274351052
748.8131413938073
744.3248257193555
743.6398157399032
717.4128743633592
675.2917525022057
683.1702676131072
726.8719105255797
727.8026816427881
703.1556814584169
702.4531187046043
665.6275313370153
686.2132687257347
685.8467539789947
703.8146666492306
688.9132212295281
641.1003511423173
581.2411880572671
597.848771866914
582.2793862832264
580.4834597869499
565.9260648024518
511.61588041076885
561.7406614509548
555.3491509790109
571.7271134994469
573.8335504842785
583.1316392150303
609.2946747342367
586.5759760467295
600.6782790386933
598.2160984640701
595.1261406729993
590.4981451663734
581.1212496803587
522.9980386707371
529.1308297528115
495.0763558611063
474.85911303649493
516.6441703707438
485.4328365159148
493.0678580653148
491.40027597923427
512.4288524669856
532.0039133610575
529.7630465685196
520.6671645141439
463.94082865220423
472.9772647615346
455.71843063066746
458.9258012406738
430.60178441047594
437.8765374730084
420.86212416397933
432.50722049091496
449.43004507185094
447.6805505735615
472.31165843777023
459.6987235407423
463.22220830490755
466.87948010075564
467.5901144927255
481.523823511904
483.8040307751051
469.7022293732207
431.76445446277353
443.0254304264658
427.79224436391297
431.266939712935
431.78456841825795
446.60952086822346
478.20850696097756
497.1775460849197
475.9901579076109
464.78994267592014
447.2032909319223
458.0790283587359
455.5332019326154
447.92137912561867
477.2092716797165
468.73749232171497
460.8693339260698
467.9579265520383
465.8991552657435
466.41922911559277
458.080921209812
432.3501179219696
417.27540676628155
410.9251331069581
417.35539322792266
406.8839911959127
409.16493540460897
404.81719789129863
377.75090114785144
353.6461229266765
363.6851798621928
332.49243311549486
317.3144774285816
317.9561130787788
284.9586646577589
277.7460166184284
281.1411931356025
286.3202214369417
314.79325272659554
293.17699177790365
299.4351225630472
271.06155217805997
280.3747171450871
269.2483994291051
275.80838507029057
281.7346420014112
277.96671056981506
273.50341418810274
286.9611037603499
296.29612763685776
288.5053605724647
285.1028726269231
282.22317870221497
295.6461617616964
294.5856884801363
288.85282563770716
285.4857566471215
232.59576871683151
229.37495804862965
215.43223745188737
196.8653868522827
195.87733831990175
196.3615326706261
184.08223182704117
182.94557625329006
211.82672748652598
211.3835617204549
223.05308230390335
220.1415794346937
196.5766097002653
210.15069647518163
209.1425267776257
224.38097767293752
247.41001789452824
241.8437317592413
244.7847954629194
228.34091150907454
219.50434375691938
214.9793802543281
229.22195926025518
222.229239761749
231.73587329828854
232.78138524562493
231.1436846227436
225.79485382934473
220.47446029228064
222.19584779064576
228.03607024893918
225.06880731767052
225.65834864130284
229.52461502629828
227.9689077917784
225.66201617746165
192.0010841477226
197.06801594741614
201.05349968429928
196.3186984116144
212.2030694387269
212.4442865474299
211.08269302502703
204.31304892929978
203.97626253061992
206.88209866230514
206.30982679591034
205.03775490876436
204.08394558056767
203.52219877380867
202.35302275695466
203.38496856526396
203.18739632422128
204.7223407022085
195.7514045211852
197.44844958499
198.6390488336609
199.1226070207313
202.28275716666218
200.13622776255878
206.8144295995958
209.10887661978714
219.16088708430863
219.0157747507676
213.40763439234544
210.79061959752252
212.9658278769949
212.4733247441558
211.65690924875202
208.58229647385883
184.02255937246562
182.448242594831
176.02240566453227
175.6674163561008
177.72868960741215
150.39116276572497
131.476679735108
137.1730431934016
126.06638760845392
124.15029635415753
114.28793125942474
117.52527750634898
109.43098854688948
110.43494358866081
122.44642499081692
117.70538590366436
113.4028831522645
118.10075903673732
115.94428273243844
108.67684762425776
109.85191500097886
102.51104175852288
91.10115845588969
92.96795017189604
90.67825609691094
93.53012682199429
89.85371730794834
87.85041070425926
89.37790161622951
85.95872706359158
83.78596235654511
83.8335821320138
84.46584639727314
94.07306838255042
100.05002539321067
99.49155365807758
114.42918370038834
107.85318110517642
115.04582181530175
129.20650341412852
138.95781833191495
127.63707252348217
129.51137399263007
114.1013635506553
134.01993952035144
138.75426661197633
137.6316929791457
131.45872465603802
138.14480220535194
152.86045271321305
146.7305994341217
153.0565669307744
153.65187149457
154.69930839905126
149.89869762072908
148.14786553107623
148.7388798515161
126.62475249770274
124.6267970725248
123.75936261029351
114.76604584662175
127.40527329081972
119.81437324652917
122.24553850486993
121.92726666997898
119.1707391686563
122.92817578942176
117.6078729013454
115.82686433322588
117.81718880676009
116.41601969858114
116.24543567436463
115.14990605895021
115.33716687142687
112.51348924314217
105.35239189764611
104.59784628074063
108.27309466982854
106.33599581366398
107.00955827242754
108.77817692653159
107.19999697185268
107.61824539435413
107.31703853339418
104.62362623241391
104.26536439234141
119.33360463375858
119.48955517293045
124.88963479029995
120.97026174727318
122.54208894762355
122.09412965721424
120.59217399552682
121.57227847601175
122.93860835926709
133.88146961685993
145.32602670603126
143.65523417640586
148.8684346762975
145.2958232437471
148.04165031619752
157.67559560191677
134.31602869596247
137.8218665264574
135.99783785109707
134.84981713392082
135.4906837644075
134.95470877409352
132.40742658761687
130.5403477406027
125.6240824924571
136.5502476885833
137.32665152792868
136.78614228385894
133.5416931933968
137.1960003042231
135.62080210154824
132.38753404384025
133.28742563523164
131.6683444532404
132.14623792639355
136.4478648131974
141.08804416286097
138.55063028189403
137.65794893090973
138.5225166550466
139.0759731796369
135.05601072736965
136.0995360201361
137.19806866408575
136.05748300079634
133.8175199792062
134.02990438257248
139.63660664431762
137.81198852309657
143.14644309796884
142.28965262894044
141.586389044902
141.51455520152766
164.05054289558294
160.43283831978377
157.41222580794496
165.1385234713877
165.32515186458005
174.09052297795662
180.01192355336678
175.2941224274854
177.3253178087243
165.03710682659573
164.57194837218958
163.97160033492332
167.61800117879454
160.53249078494966
166.4845378681717
166.3272646030099
173.41362781077277
173.2282621688014
173.16628767058037
169.98788930945395
171.0434707895899
170.91296418483168
165.66966005027155
153.9304406219976
157.3757012457437
158.28919434200932
156.5951891487867
154.08028243009934
160.74469184721738
159.48931440238658
160.95718796104512
166.63211526803485
162.83631690744346
162.37013497277283
172.8283284518378
170.09589748059332
170.11063311538186
170.57549417946805
172.68209089135948
196.6901677286205
187.2720183708742
196.0761130134244
218.28460968764938
248.74500426984366
264.90012138907406
243.57049917993308
235.32720134101993
260.59698403060327
251.9614994995826
256.0830401834705
244.54946301361036
244.6460957973966
248.54526290535333
250.82036469745617
266.12218207843597
273.40508817754096
271.227867157993
268.7857564563058
255.37736314606394
268.12603920482644
264.72732428744166
269.9388294795906
251.75257532903564
240.23943365820054
246.82656909017393
249.9679117723965
250.63689323005363
244.62980571926562
232.04158416760484
247.25227622797598
245.08937853941526
260.5666340627198
255.1204266417473
263.92853843827874
268.1121928964469
269.0716935274996
273.12368845247914
264.78793107969506
269.1527997781388
272.334690986303
294.47562296593696
310.65499867231955
307.9472102635873
311.06822902414945
318.635944657736
337.3409578098138
295.8416528876357
309.949031472406
321.43279903776084
292.83887601724456
295.2558980709613
290.9596721071729
304.1705424011823
285.2194708797813
287.98591058443674
289.57713834106636
305.33625290070216
312.4663688290414
307.7796837520068
290.009967157574
268.6352130477999
275.80920843487644
270.314761247692
227.12207268042678
230.18019411198864
199.94052185387875
210.83853712737297
226.3035342868679
221.11374095039795
228.96480408491627
226.15340772656594
217.65256165832335
213.5021516080946
217.19777774847861
219.48779097276912
219.58243262777626
206.531772895918
211.229753661743
210.82351650905207
209.64626074112806
218.61308553620958
216.630420657716
217.79546207706508
221.41611875255478
221.98815294300547
232.82368350463972
227.02071107575
226.4011931773696
221.99588620712112
210.15361895773407
206.50462546838185
216.4855805517722
211.11314126304725
209.26573714761406
185.65530058955875
188.15278116773473
185.15324355177958
185.76004109383433
194.35736761658467
202.95975075968417
196.27274728566928
187.01618910896025
191.52119596772542
194.2093873568753
190.55575089343063
186.32236897942659
188.37725745413954
186.97068487781738
173.02703573027782
168.79916502828434
168.6708883739598
172.07296929356409
170.72754514461607
177.71647895327314
178.82647784328285
174.77627554812665
174.1938100520476
169.42286694793444
177.85258889110943
181.4839320522675
181.01465623196765
180.1493915298145
178.08294980618456
181.010836085851
181.2119450035023
188.30568158376607
189.25504633546134
197.60691638393752
209.21116304181604
210.24907372866744
221.74292599489385
217.95344382394939
215.34523960456264
211.61753840452246
201.00337752581868
168.67357964603033
170.28886769224317
166.21680322909975
173.90494900595044
174.07970541243265
169.6894747522977
179.75716197925505
180.63244082835516
180.57893058773016
176.85852555342686
175.86315365350248
176.2772565733896
170.44710628243018
180.14424760253544
180.78979326727546
193.33993781390976
191.04108656991255
180.55244905183102
179.94653567610214
181.2872472944888
186.61606753146776
180.74563079187547
175.05406935469742
177.4769186344818
172.88626058117322
171.85241043187662
175.21210857661558
174.35449608806442
171.4265472158501
161.5840435929357
160.67839136074096
181.45319156222183
179.53527008259897
183.58089983827585
181.86179987269554
190.50596091786502
183.13375148673262
182.75570124695298
183.064191451962
183.21568174708486
181.8244399622803
185.76433086001398
189.16575518025138
191.3004004540056
186.81653195658674
183.6736227613274
184.95814543107952
189.04498222352015
184.839873654298
186.8659398462863
187.84288849379362
184.78830689468228
180.16871140792335
182.63065416042576
183.9879638750186
178.3855993731378
175.8204845763924
174.80445727797053
161.15147727923085
149.92569206419535
151.96608493452732
140.24681084120735
146.34618694453036
147.57506848968612
152.615068348219
150.91034572010813
154.25530586508248
151.73585404476006
151.02315688624967
148.86726798663648
147.12795176955626
145.40170953026762
147.79749210977155
148.60569815279229
147.1457864691915
150.2924488050236
147.42926132729735
145.56867918491014
143.12297867633916
145.02592545573296
144.6187808332106
141.84486515951662
142.21086918955265
132.72274321129302
121.770107290006
132.74136111736684
128.0791538700726
128.2701941791178
126.93287325611249
132.17746965077103
128.16997170630987
127.72559890360142
125.01870585042732
125.61458431453704
126.32718018933488
128.0669874384903
134.3236471998861
131.4621363838881
129.18638529253852
130.4846850311141
127.04525801179804
133.70264861844188
134.1368826978575
135.00571364233375
143.80639795566535
143.019432264986
140.27393527388705
137.86055928182662
144.6047743464792
142.18233327497873
145.42287633530452
143.58796905036286
165.99143854583525
166.2530969048888
163.80590111423027
171.15621787671842
174.23837318258896
166.6271059505621
166.93852805776982
169.27993585839258
167.8265296405669
162.51937110634034
162.40947975163584
160.6736108617405
167.6474095857562
169.7364357354222
175.19000305345378
173.70688823620796
184.72621843141044
179.22910385240368
183.33693755210257
188.55064179431113
189.86176346298166
188.84220736948276
203.8593183747095
212.73341421352782
223.27631974791998
223.30077697426225
228.29226083217347
224.14699652028605
236.78534852972567
264.03276824299627
267.6704445042514
284.2318914741183
263.8999463915962
262.1562443168135
267.9356656159883
281.9457403055278
259.1838037480287
257.9883953048601
265.1644591338591
260.99654013152536
274.6312157785517
265.2421912203732
248.31738139395102
224.81050829744677
225.42971511683754
227.70528448376498
218.34835692985286
218.93979697447656
231.67944604592213
223.96011601810258
224.13487737180202
228.0809351016884
244.23846951978683
237.38079020191347
198.81964228768578
200.84687148188746
200.74903854851766
194.21794124025206
110.5978978308351
132.57285770180832
123.030844108903
124.60342553062202
110.99159845334059
117.21704138518466
117.7004246469663
136.81187578973578
131.96469397290025
131.94321845316688
122.5205987665882
135.58865798037067
138.77657127268222
136.23392142176775
138.76693759902926
130.2865618875773
131.42405214081145
125.31887451568916
132.36373895414985
133.2364468438201
136.21638557312852
141.4537053523866
141.26154326644877
144.200802681986
142.8508834648482
169.85504979336824
164.5160197107307
172.80356826747519
170.09510352387568
157.74015800780134
158.32787794181905
158.8638257195104
156.70135879140688
158.26715118298955
153.2228636800284
171.7759907508837
170.445890477055
187.14354411560592
180.05859654051866
170.70405868653958
170.45154288047368
182.2767576620704
184.59370248021838
187.34336861419638
194.11423682570447
197.22990444623989
196.46262535084685
197.15473156634306
215.54817266567386
205.55600541063674
211.96829534904975
213.94301121407548
210.02470947464775
206.8325342346069
205.22517973985205
200.25479450009442
212.29247620086525
211.68904835113835
210.4318181376063
188.13722615896586
185.67471809740294
189.30578181851274
199.36937254304945
203.21124699378416
194.27309778153102
200.58339090310048
206.76889403683904
214.35764164526782
213.68672021176667
209.9207882888633
198.9175157507187
206.22772963994552
206.4112069583191
200.69072858230618
203.81011834234977
200.96361540675866
207.84589389085414
219.59156405880168
220.49116734603788
242.70977026782677
232.33100303896677
248.04456658448655
237.26532012867918
244.1253366100756
243.70782131595863
240.24696898765103
242.02164036721499
244.22674439497985
246.21278326044262
243.8495266518988
247.5419715295243
232.00078536182022
237.59341087744238
238.29362910089247
232.11252047744935
231.0170115525279
235.28847948297147
233.8636184621818
231.68485732135008
228.9592128032193
228.8691487972198
227.79190590968685
243.36470999245498
243.07948223903702
234.5649846444734
232.64870349961575
229.6365260272679
221.0260852973422
225.12294616525017
228.20576377381224
225.59281496891896
230.66194359094902
226.57442434030435
225.1764054804081
229.09471646218861
227.8993750381917
241.52685187431663
238.96448054067793
246.85900786802029
241.97512857897888
240.95495378293265
239.10202554671358
241.7715226007061
239.63878681174097
240.25147066847245
238.66359720631723
233.837074562722
232.78147743826054
235.6811447764246
238.89523167867932
236.06009844538684
245.23373502634252
263.7624639660021
274.7236202591814
279.42705624758224
305.0381394111965
310.51799095173624
320.47619130968184
316.4067660520556
317.5390729161191
334.7419220365616
346.00350607288686
387.94242117124685
370.7323024312388
386.24744771780877
389.3830083498991
400.18436250317995
394.5417454611831
379.1351558498163
391.47843864211467
389.62293111291143
395.20991365718925
379.17476395275435
387.50053082397886
427.49026536796873
438.7625874702974
432.6546652389318
433.43186093211244
430.03250508972275
422.10665286599425
406.5744691821068
416.46977582279794
386.8238914189483
395.88501828908585
390.7891350477376
408.2691456317229
383.66214311829924
385.75249987492117
381.8376513210842
395.1382132386204
399.374543834064
428.2956791635218
435.6930232991007
475.6846642626859
439.35376021531494
383.6915311779978
387.9040290939166
334.46859301354317
352.99300214607035
351.8778602923998
337.84505193506857
351.2322670832359
367.63892881000675
373.9149059897517
387.72351629002264
365.695506306262
376.394561113407
364.6900450860686
365.13055081164816
388.7974562319938
383.17286599152135
385.4721234936851
370.9678951624775
341.27713087183076
343.9175471009491
321.0774351739628
348.8210199785493
351.3315670221176
354.2615819143104
357.0664364067552
354.4295835375506
359.4260895383702
359.59898475085777
353.1978481381707
345.9125682279143
345.99246319342933
352.4588065039611
353.6044273109067
340.6160218128092
341.4437964782809
350.0556765681245
365.33944481939363
370.4718109734285
374.4970150925736
387.25555835657167
381.16877389892255
379.21025376092774
377.15868107868175
365.9906423831468
368.6504703636898
378.0493653237596
379.6394773321801
368.2270142350454
391.16674217757225
413.2018903361906
408.88948864371923
411.95921775305027
406.157094148215
393.38290839224464
403.529837833562
388.87733988207765
386.4460129872924
382.9007710380906
385.8445887975079
394.9363420491719
383.8498034220404
387.616373722075
401.7330968324722
415.9277704309719
454.6515430984697
435.4183540833094
455.3583669721691
445.0512933420698
449.8161845012962
463.18087172032307
462.2056195794902
475.9690936576015
462.7183970607933
449.2068016397434
461.3711967052673
482.1983847235396
479.43766136247405
471.31795839441156
508.79221458524455
548.842116249849
560.5088874583059
608.2733109189421
602.6662623938871
568.2751530404493
518.4670452162002
517.5530264056014
537.3926120944484
574.7511196548439
612.2637856122055
589.5818443540976
598.760610095824
616.506661565682
571.1904316349736
595.9194139680376
601.9689349244918
592.3865066820175
554.329674302381
573.8953091099941
560.4542654076048
545.9828352633687
568.3587534073821
590.3244403029342
585.5418949360015
589.0668316450424
635.9618893796135
644.0652701929779
654.4204162965752
659.3188076372094
639.5154368778184
610.4270278980672
634.9797234431858
587.9588954992439
612.8796570505974
626.4567387784558
636.7423171944997
689.6598573269875
732.9570292975275
735.5908981625738
752.8559324490188
738.6169381520413
730.1473402196374
777.6960653039432
967.0005967288458
1025.6547675669035
1103.3582516225742
1208.5750928728885
1229.4713150147782
1223.7296883535275
1282.979575527323
1267.7310031512136
1092.9143378806064
1045.406815230412
1132.0155910164729
1216.9147884634556
1171.8600177046465
1234.6318700828049
1229.379698072007
1255.976691513213
1383.4840902277115
1385.8529958752583
1122.912432537305
1236.6834427536564
1231.176379704471
1392.5397634449737
1323.4295031020106
1355.233724240999
1253.141671558609
1328.773619066556
1380.2842591352105
1372.427228964234
1317.0474362291777
1368.6644548123775
1514.2251957516528
1661.000824367477
1587.8008991859367
1724.8569083393102
1683.941297865053
1608.6405479857196
1750.997553719215
1769.053533934599
1739.164209004836
1782.5088691218523
1841.1977507032907
1810.8425457323726
1804.9841464366498
1775.758351701864
1782.5753090505934
1845.5739221567521
1938.5694368074617
1969.9797177628186
1929.367692879665
1941.4267676797988
1788.6152102806425
1563.9246059011416
1628.391533792655
1468.8601037286776
1450.988746804119
1480.1295768477528
1416.661552837565
1570.3996896340539
1497.0891042633873
1579.4271687603093
1546.4996211167372
1539.0484290947375
1661.9279698998157
1727.463096224567
1837.5330305439452
1869.3311016255
1802.3110916881178
1826.0574768119818
1770.9361793697751
1927.7207203999014
1866.0715447008808
1791.047851830107
1808.5512173614395
1828.7548332342565
1780.1596459528505
1817.1329628084297
1817.8601431294944
1790.3780747526928
1686.8911971580417
1673.8591835627929
1581.631055931366
1587.2979641585232
1700.3668693581185
1713.8378756834459
1689.0367982059097
1817.626388088868
1840.294951985396
1915.8325358462234
1970.4711995232753
2134.101788297294
2016.6672472930366
2077.755212422407
2097.7963827792596
2115.0554517461082
1989.1480619041722
2081.3540625398964
2069.6677960855295
2142.7960653929085
2150.2651427927744
2142.476275865736
2304.3435163110134
2429.6615277515734
2514.1684155812304
2424.5538447081194
2345.266962776132
2245.7607533508544
2168.032726735651
2324.2846872281943
2373.501344298211
2426.0711497906045
2364.2312036020908
2212.8437976342047
2307.35532084471
2532.3868028851084
2647.158189660288
2748.7845851218613
2757.497552304977
2776.70371169874
2944.9169473185057
2953.2973480804735
3439.8550695192603
3245.663148933579
3524.562728476055
3495.0758690360576
3493.534500000208
3912.7429165968124
3932.754068170969
3979.6086519212827
4182.790285752286
3906.108903329409
3750.3415950592753
4088.73170832043
3659.9218442136184
3602.0048969299023
3288.2298872378637
3399.0492796569383
2505.014945945662
2778.279660560299
2419.1032171150196
2306.371266867117
2120.0373745099428
2640.1596323488234
2695.4778071496326
2882.483407624011
2742.990862697615
2433.328865728611
2294.626285512794
2395.8532280027384
2708.429865793973
2632.6565998696506
2717.1540367097723
2858.27670209791
2694.4976666790503
2624.7689150594238
2711.5479390111605
2580.5355800598445
2528.022300878691
2620.6253893038547
2486.600068788676
2356.6347741896757
2379.991747950219
2517.771695525423
2587.381610979154
2561.1883309320033
2365.872786190649
2380.744519633922
2231.554315497782
2176.308536317709
2251.5605593660407
1900.1222998935382
1875.3576944712033
1971.1059779809414
1990.0761511910587
1833.4631609981645
1817.047665540675
1973.9268648383472
2087.5187237874175
2169.400067865984
2279.354161419647
2121.657900633364
2157.880584866453
2228.532398568573
2329.004750998825
2217.3018530598792
2320.6549288317
2317.23694270242
2126.4424673902267
2156.5809569525845
2123.0585974934124
2144.0142572722566
2042.4991866143628
1944.3950166372085
1997.6633136705987
1910.7269516309964
1874.2002496808186
1899.8427500663568
1905.723382843169
1824.929392091902
1794.973425186835
2003.7239214521073
2027.5334479167045
2117.154607794504
2183.627414557696
2209.4993601030114
2230.212067673471
2292.579636803809
2299.689405936291
2383.443259961735
2462.3999826480103
2541.674599365905
2555.408178513038
2611.6730699481845
2521.268474889094
2724.5322427136302
2821.649692746136
2888.7322742752317
3151.2175169176753
3012.3085592702105
3163.0646551948857
3147.842995401753
3166.6472179679286
3048.4126816864195
3323.19799054098
3268.5481770314927
3309.7549104132368
3153.583683763619
3007.1440271712713
3037.230251196439
3144.8184367851927
3276.9698366433354
3224.0004601521537
3243.4863583537394
3320.4091697810586
3177.6637963046905
3231.4414517287996
3122.971797237849
3267.539434750998
3245.430222387629
3233.383151693551
3232.7338632854617
3440.5623358869034
3790.6139962215557
3793.3007433464186
3936.1633916244464
3894.937511605067
3950.270344526561
3943.256785301908
3440.3417568365676
3496.859022996073
3435.97993265133
3209.915696090501
3268.1041621348804
3417.839366766938
3301.186776828727
3425.2508733748823
3595.9625714292315
3573.3075160249905
3412.177182421673
3427.58426153173
3335.884886514119
2977.3226793404747
2744.1109995297
3074.119761245824
3159.269865581771
2930.7427060738946
2946.9708461401983
3063.31634471348
2939.742282853775
2798.9844172601042
2855.6117305265157
3013.4932320320772
3305.107041443724
3393.9242492696653
3426.387080851377
3390.310407759615
3520.3422566393974
3592.1761295000256
3594.918357967647
3558.549577083409
3588.0809215501645
3431.0193069150096
3537.840087124068
3498.1052921206597
3605.6503342981764
3794.516888224821
3885.641764529699
3854.498461449342
3854.223686940845
3752.61872738495
3884.5872952429017
4170.107932886265
4074.8601575202883
3990.711976433473
4179.44229816945
4094.9389934187225
4230.208371594039
4152.570288731245
3944.090861781322
4288.09721878663
4422.940535593754
4324.6099257118785
4292.04047236198
4330.553151595248
4596.59309058429
4607.699273078144
4550.014435142697
4494.80276090967
4527.104154150622
4626.6292884486975
4815.004634322234
4742.08091060724
4641.528764849704
4732.9244503493555
4685.10635551733
4666.498498194288
4652.947394238871
4583.211418759011
4243.352906802173
4302.804958962834
3993.846595161859
4317.603195646166
4436.192766930451
4319.361566856902
4101.062876490145
4355.420957796475
4269.437219728043
4515.843300142739
4048.3128440761725
4084.0884856959556
4290.091862536401
4444.528279821561
4637.121616831405
4589.610617539151
4519.441028028784
4240.155516808957
4101.656791810778
4198.572874562462
4347.615630598069
4310.566646424531
4431.540647139759
4153.333310724186
3918.200743402953
4079.814930569866
4135.841510137412
3782.8952622347147
3858.1644681806974
4015.72254331389
3971.5597663421136
3886.7473617182886
3966.4253516705508
3928.8417238716206
3950.4823919860964
4036.549717813428
3992.5945766373156
4113.529931874606
4055.1173669313243
4110.571870853741
4075.03161894955
4045.051350119327
3807.3603674991996
3644.405516878227
3714.945456115339
3686.4025423019352
3780.315874327848
3835.3959914939574
3769.4049401148714
3794.908130100449
3556.9062274078738
3416.8260086159135
3201.79457434796
3101.0409016141402
3156.967262159481
3086.7290024387257
3246.413723028553
3378.0358951715943
3256.7588661330324
3311.986061274383
3331.246655159985
3356.2954438590405
3216.592980619574
3166.4539115046164
3097.0214660626802
3015.588777543836
2564.3433423740635
2407.377851608285
2537.836727861043
2447.831512095295
2465.21922984942
2470.4304120157067
2411.863855325421
2551.1110735194716
2603.603872339056
2610.1824055910874
2689.2208672204492
2797.434855273681
2690.319739476765
2667.256728215686
2993.0994395135976
3018.6733981571506
3062.8058084507857
3149.953285509783
3127.438106740214
3240.9210444877285
3081.911501840844
2930.5631692063735
2918.0853674291184
2889.235678281073
2935.6454998606846
3179.3002065350443
3128.640780542462
2881.613122162859
2792.3038477186237
2768.9716520348597
2632.49139911745
2574.513383778016
2644.153655546016
2594.700959110155
2599.9335696870216
2771.890509646429
2785.3389569017427
2629.48312082149
2919.294962425658
2977.276039756805
2953.315776286441
2836.9063366005576
2619.356137634489
2668.70597865687
2558.359874049847
2498.658864965217
2576.6271539947625
2731.037685293996
2611.4647225047097
2562.8323535359655
2579.4581356883637
2518.492845270615
2591.5420409591425
2620.363852420936
2771.759457292368
2817.401074966818
2945.7459101862714
2947.226158224087
2860.641960901919
2896.5869324317464
2969.78498365825
3028.8352577107285
3106.657023584939
3106.072054158695
3140.8757105064406
3285.1730967305425
3328.9341246867148
3401.184431040135
3383.7887617814154
3283.3028425717257
3451.1960908672754
3440.3362384891684
3521.5847247785246
3520.9671175043636
3422.9698837547116
3171.371104498954
3232.834988999582
3192.0250912893603
3265.938067729151
3219.159553453764
2992.7021064252435
3038.209421996366
3121.399823462041
3023.417211885316
3045.42807480128
3066.3580141449797
2995.719421019825
3061.8905711469047
3104.688447526111
3079.6764776018495
2987.4888760341605
2967.085285238213
2940.6879777714407
2922.901865199808
3008.3363470853
2806.748835957046
2889.5922230230817
2932.455083612903
2817.4898821916195
2738.1741359527714
2832.513106895354
2861.3723755560436
2786.0472478011084
2942.052313122658
2753.936566546688
2699.7072470893745
2641.229106940243
2517.8299224886478
2249.8909622207443
2344.797715643986
2080.910243657776
1966.6991711336661
2010.214051125259
2064.229357512243
2147.047447880575
2025.8886983912162
2095.178884796724
1915.1771232664505
2023.8482593608173
1963.9909395294865
1978.1471325624789
2046.6463496545232
1974.5811944790914
1979.770545006472
1944.8428445072448
1807.9694742881136
1724.8757340323443
1798.6948545788846
1814.9831598025937
1995.9364841552344
1944.078766836179
1828.8926546074292
1833.089840845753
1776.979907458187
1804.2616695112486
1805.3313949894373
1860.1813068416047
1818.3877119829308
1794.539625671828
1788.4182866616045
1663.844367412088
1530.0386174317211
1454.6867601728409
1205.5952855404787
1214.8662649132034
1230.3643353556051
1068.6035748646073
1087.8139244584365
995.2525692707909
1125.7540917942745
1132.0543935828048
1124.5613920165545
1051.0740681589236
1144.4807534808065
1229.3040854466553
1244.2862044953927
1201.237790641909
1194.2245084746116
1143.5335357209958
1098.9055176105344
1057.6309990608017
1068.8194401301964
1068.5415025999594
1074.6073175787587
1153.3483147880897
1134.017069659217
1188.72564292538
1240.3784056617153
1233.5146792602989
1216.8497068484603
1169.012707661018
1097.4494380477286
1040.7971455029597
1112.9207827012565
1191.1308371103116
1234.0991389763224
1355.04564021949
1344.7202840019017
1570.6589588642053
1542.6298214332235
1527.4139307593093
1576.8252394976823
1536.124922238913
1552.4964891908746
1601.2079670127046
1450.4822852139405
1438.9880382230651
1636.9491814677851
1723.5485206790597
1739.0421771356112
1696.7850982136515
1682.011373614746
1636.0185563573557
1638.3786826572205
1621.3413236364065
1612.4189067269824
1725.3826270211505
1693.2965918360276
1699.0064178886953
1775.7013555270828
1698.9661290126492
1852.8785552656473
1881.4274054352998
1959.3309247187408
1982.4118280514233
1936.7011636052605
1908.2776419059185
1880.6001012594395
1834.8264526426372
1850.1112910473696
1618.5325042633535
1579.4157230953704
1624.149982884847
1622.30703457785
1665.7919073919315
1657.7936424663385
1697.0769719636442
1510.1891114840514
1496.0554659420902
1438.7470503278116
1555.1774560415913
1525.400116232047
1552.5629662281337
1588.9803510869067
1575.1766307276075
1555.6740772078124
1578.9493013433012
1617.9354554854337
1564.5589540302462
1629.8832311636493
1635.9321760130483
1717.0769569840472
1779.5190288833046
1761.317355880691
1710.1642908515214
1573.2052136951713
1635.3682061921256
1471.999592516298
1432.215807478607
1471.2039553630448
1335.8525523850524
1379.920704526258
1324.1905646155858
1252.7745621685783
1330.7927929218301
1329.558806730321
1318.099347021849
1294.0750952797787
1335.1212051991713
1331.1501769338627
1340.0230594816517
1335.7389706335669
1329.1460320707963
1311.2633244162857
1277.901345279672
1323.5040179722914
1363.2371821945037
1352.5865243024869
1351.4273691979538
1324.8947380290601
1315.857799905668
1322.2697552193713
1291.0816596695552
1279.8833075472612
1294.2710513882173
1288.1640147020812
1297.6276053223842
1275.6937773947975
1306.943118828839
1333.4408776301655
1311.8067255158232
1284.654933702257
1282.0426467759612
1299.8019052506386
1313.767778723105
1364.4868713063736
1343.334491985092
1462.0489375629863
1568.7475855708392
1514.8635252533977
1555.0292135813938
1619.4295836277443
1591.0517734961002
1572.979514885975
1580.3787334402593
1520.6383643789845
1531.112630741574
1644.1928578089398
1626.8064304933644
1572.9477769721586
1569.9886360033397
1334.2879331082395
1095.1839771132936
1301.5538803074423
1293.9115948871518
1255.6010507578437
1223.0064433283683
1241.997092728311
1252.7067308366848
1217.7020892163014
1201.7898419641292
1213.49631006335
1218.8936571112463
1144.2531525085535
1110.2882130124592
1135.175811894246
1184.4617581029652
1204.2078028331202
1198.9755884889066
1205.6579602157142
1196.1962195659255
1170.115741471507
1216.936420693739
1298.94077037352
1276.6393714030964
1293.9480231782143
1243.0408423289737
1282.4164481394064
1259.7575748565346
1271.9354761263946
1233.6250483990402
1281.210637067264
1264.4773467215684
1264.7922793495136
1264.317985551174
1275.332421155143
1319.413007743119
1308.4001523403851
1263.7464240856877
1165.9737772823325
1189.4275215641987
1186.7779210362507
1166.9895905156618
1217.8888916641765
1213.3431612255224
1217.8525497108176
1220.701744919786
1221.3595303484499
1219.286343216304
1226.2534148310056
1211.819562063861
1188.7286638821608
1201.5431060594274
1199.1104971711857
1196.6130648084502
1200.65921690107
1214.3789459253508
1214.760969419338
1256.4366037834864
1250.7922522355914
1270.028610178057
1264.8369433837202
1284.5754041342987
1321.676571173056
1336.017071771777
1389.7716620941067
1417.134908743914
1453.3769102089225
1549.111474081304
1551.324517175301
1577.725890482971
1569.5308332272923
1516.555475473704
1550.5088875585636
1661.3349193405402
1625.9093109886562
1630.8448549407967
1632.9617267135266
1557.0597608721732
1614.6771850629295
1602.8469492523193
1598.4701935450053
1573.0634394330648
1646.5159900930198
1568.64771349631
1586.5395765836909
1642.857168158598
1648.6796840768716
1665.4278712238624
1667.2716925637008
1631.3725233636533
1617.144163289206
1672.8226777758136
1651.4083786023796
1546.383768658398
1515.5340268615535
1541.9688769412712
1515.3346311806397
1506.9162010135053
1556.963484345393
1674.858207473528
1646.143501886728
1697.0848665737892
1692.518962831222
1680.3786857000732
1700.1986814992663
1656.582369571119
1643.1733937453491
1651.850006691427
1608.1034936538365
1593.9519737908456
1640.5827101943062
1633.9766289833817
1606.632639454843
1663.925777294461
1647.6646669077718
1570.668210599776
1568.4956010562191
1563.2256620056303
1567.3501465252189
1563.8131822475007
1535.2602520971097
1440.1676618801841
1429.6031691041849
1474.40324440156
1588.1968020530471
1678.915634393308
1708.300897366666
1658.0701085663115
1679.7924762080895
1793.2988017342332
1769.4253269123851
1801.3674190114587
1744.4414599600184
1811.4112436682735
1747.6400281141143
1824.9566578949327
1751.2194078261725
1753.982636507409
1776.867690456723
1719.1709726748606
1776.0436393298319
1795.5369478273235
1792.9085783080432
1824.0200055528176
1823.0003798253083