0.005470458299220707
0.005207030741745718
0.0043809965092268125
0.0035276874041553726
0.004395773226587837
0.004329784808540857
0.004193112059507956
0.004224852324483694
0.0039389381418024816
0.0037306798850975276
0.0037703573823272924
0.0034777878687029386
0.0032943096729554943
0.003143762979229793
0.003763312422839745
0.004670115092453859
0.005218062375747743
0.008771439775532169
0.007717692444279263
0.00957628136344939
0.010889454739030588
0.014521189912462665
0.01234462149027778
0.020172912698865224
0.030190717212877444
0.028913648277292675
0.02169048924254803
0.02663500604230838
0.025595960114327222
0.02502797665936501
0.024397479508656287
0.022289453000732692
0.023761635754138758
0.022118548256102752
0.01971449651124225
0.02300462440600146
0.021409017137042057
0.020158085424526483
0.019799638884990287
0.02101781204643477
0.022966122830628908
0.023380650931131338
0.02439035583413357
0.026258675690796388
0.025759263519942614
0.02737700117050995
0.02380433556861
0.023710133343086148
0.0232212275070925
0.021151822769608322
0.022564048745833867
0.02314670515669152
0.021710355514659194
0.0223922266756101
0.02309069796664873
0.02259968288112068
0.021190606751222
0.021885627758767033
0.02111757598220513
0.020723672674110443
0.019158140179115855
0.01788664072228165
0.019414255484757125
0.01928801559399202
0.023876566692411755
0.02195680098774727
0.022335406310262814
0.021607580376026954
0.019345337537531346
0.018106594477698478
0.01839574877656693
0.017712131849654995
0.017703511709679747
0.016688509354315095
0.0161873635371264
0.01623179820490713
0.01446671453258537
0.015780378304293505
0.016644659560562457
0.014369554806469774
0.013875669079358093
0.012095696675992276
0.013190027511248028
0.013653930095044347
0.013431660460785168
0.014018082009204983
0.01342678251319012
0.012756641184267016
0.011570307158907079
0.011973424158020612
0.012192110402562148
0.012745861413031958
0.011938400726928896
0.01175807216250973
0.011436872586054069
0.01149077029397061
0.01135779248663543
0.01062797759007588
0.011089687697989795
0.010635447441703682
0.01022661029013871
0.011703940872436737
0.015314422773079334
0.016879049749995857
0.014277317039784857
0.012264416632172247
0.014927053710683265
0.016469527741153612
0.01709743897923698
0.016506564404594293
0.014760442226436644
0.014610149717631577
0.013327166721978779
0.014098842111378521
0.013878509634899339
0.01546653209966227
0.01573045122893184
0.015437552443138821
0.016875036035953122
0.015464257170877573
0.01482228233468403
0.013629162831136915
0.013883853698299817
0.014201219927238218
0.012893061826979782
0.011679408692837283
0.012369776656154423
0.011795745746797872
0.012193502686759589
0.013596088214883551
0.014310594658336201
0.014111626232608818
0.014825444713958403
0.013617082870746828
0.013731835926265671
0.013837875581000586
0.014121608696800231
0.013516665661046909
0.013135360810497067
0.012900908538968501
0.012930043850706122
0.013103344811095404
0.012821936152503547
0.012886486854132365
0.01345148321170463
0.014282463621980072
0.013723840461429456
0.013622184629658933
0.013357191177527273
0.012331307865190103
0.01229811774414553
0.011181701016741387
0.011014347344391516
0.010630801726516164
0.01083646846580625
0.011144886959990928
0.010891269346512397
0.010820643795761357
0.010832865372214997
0.010832865372214997
0.010666303907737623
0.010649642564851835
0.010640580636950099
0.010307901294193865
0.010900339907994295
0.0123544141440897
0.014343556423973959
0.016159425102899555
0.016065104583166026
0.015589607584215131
0.014976476381847412
0.015251836005200291
0.014360097743323402
0.013919962093687633
0.01428100194497753
0.01335471294032692
0.013841962391857086
0.01383909227637861
0.014900681490320415
0.014503058925983739
0.013262387930048265
0.013513154247534779
0.014343449573140182
0.013531609090456156
0.014028280407172139
0.014085966571278937
0.014057760186646028
0.013414436882867562
0.013570122310788446
0.013759857292902584
0.013555917002926006
0.013511341153248051
0.01429708314795095
0.01470331057647373
0.014434423836348444
0.015092340316366448
0.01438148430968262
0.014915997723122498
0.01570118296183381
0.01537669502413616
0.014886648686227468
0.014931758866844586
0.014425888064952472
0.013826212092728829
0.014382474206857992
0.014305688248747332
0.014014715282937582
0.014843406128068169
0.014316624696292645
0.014251583897216202
0.014030851767592573
0.016697178630383062
0.01511442181153563
0.020193938598043613
0.020771791437875095
0.024420014993418525
0.022733853229903133
0.0244949776581236
0.028654024875429396
0.026435719423702993
0.026354957438810257
0.02928316428480084
0.031907088861719377
0.033049897865125695
0.04118666643588722
0.03888138935384396
0.041366728617037586
0.03401690213303802
0.01731987430461703
0.017842994806230764
0.015741366683339135
0.01598578608193252
0.013641242240613615
0.01421681076660729
0.013224981658118659
0.01207809929429189
0.012671161118267302
0.013102509002780944
0.015438638850463943
0.01801053347270045
0.016180903524844033
0.015027940365994289
0.01616330929856377
0.015629332880358195
0.01558260234161034
0.015248359183685296
0.014961911121049807
0.014739535131173235
0.014274145890964247
0.013764533923905864
0.014922304890283535
0.014646566645597891
0.01511296985136974
0.014849690058685538
0.014803127027605206
0.015531090299231784
0.01506028288498506
0.014943917928196227
0.014572353578154338
0.014893048130727605
0.014764389709480172
0.0149737028279832
0.015471161884340695
0.01568499609329014
0.016294598617753196
0.01604315856635298
0.018730347887818903
0.017440992298508793
0.016371695483491315
0.016847745783316718
0.017137532286990692
0.01707492854819356
0.015919288060841835
0.016198327268023355
0.016077410433812875
0.016445686261904204
0.016847448484504583
0.01710952769061642
0.01700185602033094
0.018604505248394507
0.01789006936023127
0.01828973734820299
0.019172042537958227
0.02230851770289872
0.02109688134926824
0.02136236151118139
0.024450487326421785
0.023114528564988503
0.0211626342416631
0.022002437761398343
0.02160899201441285
0.022788113069265356
0.02292015683687335
0.022232913658895424
0.023219302153597406
0.020798407033847912
0.020216117360524293
0.020028648322064975
0.02150914760412859
0.019951858138063293
0.020649316877981
0.02070010981817818
0.020738147281666508
0.02231384353321984
0.020723549488468544
0.01917063137380871
0.01847680616610065
0.019599898561576096
0.020219527585624546
0.020186743742056392
0.019450363861492063
0.02132082403555631
0.023597079673922924
0.024736986304291428
0.026267287608054333
0.02487677697584588
0.026878879616722515
0.02151045077745613
0.020428526568478562
0.020592592363823724
0.019013712954270647
0.009433733700523512
0.010752261621527771
0.009872529360329564
0.0098792848013721
0.008165692859318226
0.009262443899462723
0.00912367247367838
0.01118450687893067
0.010818518552931191
0.01110287195064533
0.010058751367945245
0.011173782129145013
0.011275893520004195
0.011477450665353918
0.01191946664753606
0.010799450772229985
0.010667359469437662
0.01006954671692075
0.01078092436581924
0.011011991489768544
0.011270735259214534
0.011537449057245583
0.011536187443540558
0.011738520575620892
0.011447088107986819
0.013404483360208925
0.012899687300684335
0.013728736715014315
0.01351101946723529
0.012015275957810536
0.012222629702698409
0.012226803214930521
0.012029996719812286
0.012190535928328557
0.01164680462945934
0.012579577220395512
0.01276818077539087
0.0134126450742875
0.012957783041463854
0.01207716911987609
0.012009737272868967
0.012783154440848219
0.014130002706597557
0.014672320797617017
0.01507123388736975
0.015630479854707106
0.015424723598786303
0.015656324374923505
0.01643478935943147
0.015435200273453449
0.015880361955037163
0.016907776092232048
0.017112070737695082
0.016952151979320238
0.016966759145876077
0.017047361197097346
0.017426513765292223
0.017880742814069105
0.017262676176305787
0.015371296335348237
0.015036472323578735
0.016908281953927084
0.019222960990041487
0.019043268005814754
0.018084279241414408
0.02003075948907017
0.020261019132713262
0.020588680912678202
0.02217760761957994
0.02083440348925488
0.019211381065053212
0.019934234106804248
0.020065128681545724
0.019427388590226736
0.021183088359893396
0.025857382925147127
0.024356657445441063
0.02511207733256839
0.02588552168170099
0.02396138642440334
0.020384645335239173
0.021787891636921634
0.02096239179679365
0.021708782599413223
0.021457192560671107
0.020522694920549363
0.020640850444044897
0.020295905004263468
0.020275279268322028
0.020169433454384086
0.021315483234445834
0.019842102481020224
0.020407284959808824
0.020637138227303724
0.02054327783416473
0.02048275094973528
0.020597689449274748
0.020749442412855926
0.020422844712466897
0.02020727155489043
0.022569769087859178
0.021372175334946248
0.022051791387317395
0.02263289892827676
0.02226114606450011
0.02164386789349562
0.02086841119686257
0.01943119355162354
0.020000761536225924
0.01965359379056564
0.018981178894421087
0.018701821373684778
0.01887574155367975
0.019255359201248386
0.019552535358579412
0.019088849027319943
0.019958365002096863
0.020118772556316857
0.021589390539013105
0.020593584046673424
0.0211408565773767
0.021420926558344527
0.021204145618393122
0.022353980969180898
0.022359249644741033
0.022359983177312796
0.020918888747176827
0.021201702812911165
0.0215282064840525
0.021255352881707087
0.02160111803213494
0.021303427269811753
0.021204575768353797
0.021167275828035285
0.02062644097848558
0.02088766711558856
0.02075433921756086
0.0198611787817334
0.02048820478590714
0.020281696602927606
0.020434360436995806
0.0203329935345713
0.02100224964267789
0.0200382379809269
0.020442025235747025
0.020649407275890166
0.021510350984462804
0.021704276420790255
0.02133462061177145
0.022844582355992474
0.022713705570168122
0.024279212434191785
0.023067816075828005
0.02560721261871887
0.02716297790728688
0.028215237875212594
0.029976478250360074
0.030138516485523178
0.02889781731663652
0.02681713414151273
0.02487528208712424
0.02668108439100695
0.024969544902357192
0.026076959470715807
0.025341772052543565
0.02796481640263175
0.025874826740140563
0.02688295025409346
0.025728617923717445
0.02682205413526285
0.027637832315162005
0.02721483040644624
0.0266169818262307
0.025631795897721476
0.023544650333135065
0.01925562637351672
0.019429452735267812
0.018034349080880595
0.01882855047996431
0.018868366159746033
0.018223109863000034
0.020130034007059434
0.02045149976785497
0.021261657302249434
0.020937128779961844
0.019800776846394363
0.020104497200112016
0.02041065754991424
0.019904559985045294
0.020399174228416948
0.021064448271313728
0.02088932487746973
0.02188390296048471
0.018930259872443688
0.019624763562655276
0.01773658144812406
0.01897482216265004
0.01910358815260085
0.018912307088466213
0.01876114739351418
0.01889390977359841
0.01966613261470395
0.020118862215601857
0.01896173940538398
0.018236208087922187
0.018498907016112582
0.018559641824416467
0.018815050937510798
0.017167675962667005
0.01691535874895552
0.01661740608770725
0.017077636356679464
0.017189071485077353
0.01780519158811393
0.017865166467830047
0.0176642332142439
0.017249153828043904
0.01720500997242905
0.01624999824020287
0.016752562281284036
0.016860814391643452
0.016197515260616118
0.015555442484681334
0.0163413856894511
0.017369766844103674
0.017028318195485077
0.01764069315183314
0.01718692026745318
0.016525106405696908
0.015816836802781536
0.015113380122521598
0.013851278967188286
0.013935644337365863
0.013722507259146132
0.014106362426677496
0.013689973803890813
0.012728945604033731
0.012245468014036242
0.013508324962605008
0.015449502738714736
0.014361253645412684
0.01575413029073429
0.015626799960942638
0.017281963591574776
0.016574705007024456
0.015845198572097773
0.016854076011430914
0.016723843060057846
0.01641941789743346
0.016618834011457053
0.01783147331596782
0.017093581834387202
0.017232796049419474
0.01783710069768377
0.019743967079452845
0.01917954814395384
0.02112417119639252
0.021564598581799082
0.021419418287918084
0.017757409286024057
0.01772260706348374
0.01872295504932858
0.018803166704911087
0.019465782110411903
0.018737775886624737
0.019363961077213707
0.020790836291500494
0.018927864806164017
0.01968485964394236
0.019544071026225573
0.01926493478385409
0.017659070697669546
0.018138437219644542
0.01780182433195406
0.017572597936687057
0.01793474600042023
0.01815210988596128
0.018409603042330205
0.01952809043580167
0.019445703319456036
0.01901335334465339
0.02059890901183303
0.0199937848252072
0.01921912051431915
0.018246771486635678
0.018706757202015357
0.015362831029245879
0.016484056990626588
0.01661314535982658
0.019317507809037536
0.018390193903932397
0.01894935853895571
0.0184852785768305
0.018151044672524746
0.017591425479418044
0.017835341356914416
0.019044849046885647
0.0199551095767846
0.02372012318769989
0.02451036926318054
0.03489382416730843
0.033013958608264615
0.0317023682105186
0.03358631445863765
0.03042168693976294
0.026039878633699266
0.026246355851997027
0.030104752926420758
0.03281826324349183
0.03392528639237543
0.03289809501240734
0.03399423639597951
0.03604052637287162
0.032771021419746936
0.03444886651188368
0.028762051460322204
0.031354068334303764
0.034051996581474064
0.033224695828565645
0.03314900499603873
0.04321873274489467
0.04203599655737065
0.038761282788267
0.040275242828928165
0.03972360913524648
0.03819255849804683
0.04075937572029639
0.041027954686022716
0.043991962284252034
0.04723466836465532
0.05542882145256626
0.05227151682155022
0.06721440274262823
0.07177912589690887
0.09872013499405008
0.11668717655466238
0.12372854280554764
0.1212949520715051
0.1112709282742705
0.10069450352883463
0.10649802140770825
0.1088202124281014
0.11221766825746009
0.12324980625448415
0.15705579011204124
0.1459451499886792
0.16154265245380975
0.15174007396413275
0.13754087635302362
0.1599495135153836
0.17484923330730637
0.19044745781136815
0.19950905863378426
0.2244918074340248
0.2477236316798054
0.22932155596233977
0.22460813965482138
0.20060999928043455
0.21516599371593598
0.21327963753245788
0.21318008866845287
0.21748949244830643
0.2987132778715917
0.28843710797085426
0.40904608341418536
0.4123820626961023
0.4229744479804992
0.38549729805844574
0.393348427963397
0.3738015332972073
0.40666339391528494
0.3932201236700522
0.4071818289009922
0.38501006701581214
0.3809386198400089
0.3476482140456271
0.3315024546836521
0.3252267123005764
0.3004062144390178
0.33664651643617843
0.3329334115584507
0.3442436009777769
0.3822931806059165
0.37007963469856736
0.35942530576763804
0.36412617001674663
0.3825109750617398
0.3519967958488334
0.3617382457447867
0.36934305498029235
0.37581894247366526
0.33974236699001703
0.3559855267951736
0.36628292102680887
0.35958265491617325
0.3676122039318954
0.35852853360075826
0.4220019305484066
0.4124667877124522
0.4422617061946528
0.42977220813789685
0.40621897467877505
0.3644324357589403
0.3266754095884679
0.34098365911793244
0.35991363307887014
0.354652042271368
0.3835693936471935
0.3563955640759478
0.3839559156429678
0.5373764546454659
0.8315061002083352
0.7729177976916533
0.8831175732119276
0.8261615352020686
0.7875362529503876
0.8185651148701645
0.7966937769104814
0.7045709299177829
0.8146377716508518
0.7579205745479414
0.7509821453944433
0.8490095868166898
0.9703296306074994
0.8806570303630454
1.0763554101056825
1.0888355070559748
1.0552320644375222
1.4668060668810836
1.6143253458322355
1.7128030277047257
1.70361185988255
2.450046072959683
1.6960914611755393
1.824127372312073
1.4815581257493151
1.1999327819551722
1.1005102125279627
1.7001255799978645
1.9260222020477578
2.2155952356600723
2.0358507817158036
1.8306479823761217
1.6878841644271447
1.8434566557283312
1.8780554995025946
1.825050441617648
1.8038075779183416
1.8304964281986098
1.6305791718399385
1.5228001820666366
1.5791349919276858
1.4767238926172215
1.4847872663702508
1.5000433477493855
1.3639399984727163
1.2514829691864602
1.3496685354488898
1.4716437917918255
1.5488047347428302
1.6410342718604691
1.4731862253224228
1.508973001754562
1.378275296130996
1.3605233337656883
1.4002466497178738
1.099956154135801
1.0709890189890185
1.1758463602123723
1.202553773471919
1.0532136995590675
1.0620450576168892
1.1081352857924678
1.1264268348819002
1.1747864213810202
1.1634901892536005
1.0807201863761187
1.107611138196442
1.1158950657247686
1.1483834436861906
1.1052128173949225
1.1300219469721435
1.1297272232840565
1.0446776788050856
1.0588512504571967
1.035074907863297
1.0445869839999669
0.9990179149448044
0.9438397001325481
0.9293273472867062
0.8744938725343908
0.8120923000047461
0.8025229012916089
0.8019780427595211
0.7366314857186991
0.6981700990573925
0.8916623627080229
0.8901569748965514
0.9428418592847553
0.9509409955844256
0.9410673998391076
1.0153513218201253
1.0369364534001728
1.0173656428197033
1.0309232961367543
1.0557612252147095
1.0864795065085282
1.0473241797968056
1.0510096382102183
1.0228925058593936
1.05307621706725
1.0639511942910354
1.080035323505678
1.1689080151678888
1.0843235571187275
1.1261595899056274
1.1562340406827691
1.3659076368743823
1.325779364533892
1.5080728063321491
1.4392211367306837
1.4677216112293925
1.4280218409949226
1.3565034153368853
1.3521133826117147
1.4104573459576621
1.5416069331704796
1.5893612587042867
1.6286931636952782
1.6247743064613271
1.4860525099129918
1.5321200051451604
1.4038761825258612
1.5102276371094576
1.4598087505852961
1.4227667892996365
1.3221911309988317
1.3513475317027759
1.4572158622987024
1.4475882509957168
1.4525130366103163
1.7355111278216784
1.6752768906600306
1.6488816812007656
1.367559385502283
1.3365429588247957
1.3654309164689715
1.300462975050535
1.3107875338838886
1.3353855505835641
1.2526087906693473
1.3185980769608903
1.4107865955341503
1.3849671234237813
1.4178139169591424
1.364356788546764
1.3172294511355915
1.1346534705519722
1.0414912651512036
1.2202810007915645
1.2251685590033712
1.1272097930816045
1.1265032273213418
1.1264729327865655
1.085085827453011
1.0475227243397156
1.1007346495729327
1.1284211734577194
1.2677663424872625
1.2961700736347004
1.3255969407964643
1.279508796920266
1.3143663356224329
1.2590833152753813
1.2792947883544434
1.3372074493586121
1.352020490537352
1.247791609860409
1.240431103633866
1.2228157508292092
1.2408876001350144
1.265750062899244
1.5931286333828234
1.510319544008385
1.456703592820831
1.478513009186832
1.4786782026695897
1.530730023476453
1.5093444145324528
1.5183332851893754
1.646128880129589
1.5767365703480523
1.6713393541479167
1.7433853795367826
1.7735644500773913
2.1278969736404654
2.024912097948278
1.8607939879026367
1.934257252179863
1.9074247857299775
1.9371765583911453
2.037005142796291
1.9253755944929332
1.905563829396786
1.8887161285171636
1.8895086578005136
1.8940668176695723
1.767301959698415
1.7021584575360686
1.7677843603717804
1.723301843064975
1.7591733237852694
1.7363485589451995
1.7004472892859646
1.572090527240301
1.6412118528946322
1.4854753646247103
1.6237278947025597
1.6741158015149562
1.6176308852554613
1.560913101799978
1.7568077725752074
1.693260439994773
1.9134262759318699
1.638539889706418
1.6060191688314844
1.6495358363347243
1.8168546570524722
1.7885896406253898
2.0145983029321948
2.126812221996004
2.2851271616109363
1.9718996406749512
2.0190625740328207
2.2710027371380646
2.3711108530078064
2.4209739131594836
2.0995107066999936
2.090222708285588
2.128040081958641
2.0848699867719205
1.8140016623467246
1.9360364131517087
2.1250528454767332
2.079372421202235
2.1320094327480494
2.2317058838061525
2.230046220503741
2.1448792312073808
2.3706536976113948
2.509826473524964
2.6769160967341965
2.4634229124093454
2.643760204728756
2.8817116048125393
2.735292890982307
2.5078353208653166
2.4774733330919645
2.5528488899193196
2.5294645647442047
2.582126353212266
2.547579080217119
2.437713492913628
2.373652898801285
2.196618056481613
2.253219259099906
2.058653014099287
1.9964066276296266
2.114208280765191
2.0698081143475022
2.3516193176803104
2.390803296235098
2.2705612212522355
2.3389152867257454
2.3555691945992323
2.3285010119363494
2.2230085366430927
2.1309111373789
2.0387960807597203
1.9578367369556833
1.7011860374945913
1.5316010783701033
1.612003981052023
1.5083902803519575
1.567990135455952
1.592320278066891
1.5892774292907512
1.682473606010256
1.6971220324180523
1.6058983769413802
1.6449818403911372
1.6491553409514406
1.5412733728860137
1.5455712838431301
1.6853806278923724
1.7196991745844328
1.738431550624909
2.0273524127363154
1.9494193264272501
2.0501225449827665
1.8982187340533003
1.7154794691785338
1.69281125460006
1.671858841141355
1.6595543359807072
1.8610856057576808
1.8406429796566006
1.6616427105143305
1.5965460855296596
1.6316437632887486
1.516305130652796
1.4086244164781865
1.463944037056804
1.4481952366890618
1.4393299847539107
1.5562276966710036
1.5108902368528407
1.4534853979647624
1.6105584827760644
1.623493747403055
1.6359832716793414
1.5845023378954357
1.4734178092787038
1.5103297557066
1.4401363552038584
1.417468790521662
1.444158686425027
1.5066673190869004
1.440356834159954
1.4074343579930493
1.3985395123662763
1.3638110228180411
1.3785633495317235
1.3804929097944365
1.4676828353511477
1.449989585383939
1.5006865752792231
1.5262442393097375
1.4640682235614884
1.466245055822723
1.5058924071893063
1.554465080074417
1.628999609937458
1.5789704721986562
1.609113604892018
1.6912480545936495
1.657857093092196
1.673703791604107
1.6839582389936354
1.617969723586427
1.6940714561101609
1.6526709984421302
1.6890504381320874
1.649586684420353
1.592686227892858
1.4582499325643588
1.5133903852818213
1.4357216518053801
1.4651001334974887
1.4323591472163504
1.3334454494922814
1.3945340192829372
1.4224675344236735
1.374044004980452
1.3968320518435167
1.3917366146043055
1.338842586023414
1.4242770064275827
1.4275925500611464
1.418538429173366
1.3805192317622033
1.3994135817499445
1.3661991090506085
1.3432454822719229
1.3534801453307466
1.2427741837557447
1.2575055024127098
1.2382125521602623
1.140586541078395
1.0401673061371677
1.1018938140475931
1.077159282173947
1.0759040340513326
1.1713238156714678
1.0658473686815868
1.0440834481754633
1.0216290411154416
0.9735237914910398
0.825945409325903
0.8907814481399241
0.6639467894917128
0.6017680593022542
0.6653766448415876
0.6870535050055993
0.7357801235330548
0.676023782318163
0.7290331286311724
0.626458602295465
0.6623175641348419
0.636165385434187
0.649914168179044
0.6789028382782145
0.6410227525343959
0.660876516154734
0.647959688718728
0.6018057445037106
0.5742996181865947
0.5883988791215271
0.5989108169010998
0.6578094289810985
0.6626506715038493
0.6028805614310659
0.6193666699479351
0.5898923429362142
0.5965202477247938
0.5980490426567903
0.6322327356707669
0.6180402565621677
0.6070023671988923
0.6328013059733515
0.5946443841115501
0.5383994354312582
0.5052024479852609
0.4275287807342146
0.4161305751762808
0.43569274044892164
0.38220435532968194
0.40080800264424415
0.34685900509366047
0.3821691383184903
0.4010214971433705
0.418173444005322
0.45891922314543837
0.5623147118394106
0.6162618795208674
0.6007456253159488
0.5649433353952497
0.5322662608006304
0.5105938449349023
0.49551145653238166
0.47132116917076733
0.4634424856749727
0.49464411099819433
0.4612938573318064
0.4928700657260594
0.511149073902543
0.5256465315271727
0.5627599451786898
0.6118580594079541
0.5892905736850612
0.5712058198562212
0.5643098943700992
0.5423261271051065
0.6371354195686907
0.7049974051548248
0.7047760580276754
0.7267973956545022
0.7538529103557754
0.9595361891896185
0.9251750667325436
0.8364519309237785
0.9081146905358942
0.8537163295085609
0.8785460273293562
0.8861665868151554
0.7789165723259345
0.7786349631110646
0.8927516925784298
0.937040402484538
0.9434847245202689
0.9298909099368032
0.9301519431825614
0.8964918151526995
0.883504539022558
0.8895512906949016
0.8944172848417784
0.9274080535166559
0.9087142720592123
0.9083511488578053
0.923447473551309
0.8869119227485418
0.9387420016935634
0.9221287399076301
0.9351503089310563
1.0265751308960593
1.0018087625890875
0.9548275166490023
0.9378970417928791
0.8856424909223666
0.8616052483364754
0.7746878905535965
0.7881780067818226
0.8235974859302548
0.810122759997726
0.8333342172743741
0.8128641042742937
0.8201331751358862
0.763888218521644
0.8088168559575716
0.7893258706130383
0.819281131096967
0.8154416607209982
0.8316408170899061
0.8879882171415913
0.8720456998028082
0.8897596623415834
0.8947452109635956
0.8817574847821231
0.8205667556557664
0.8425502582708698
0.8443951729179235
0.8909966307358459
0.9058033903482318
0.8930236812403217
0.9278062346860365
0.8477593046544023
0.8663939662012149
0.8244940170390708
0.8059521275918123
0.8305229094348694
0.7547451819993531
0.7679208263285565
0.7337107948884033
0.7047672853732235
0.7545174669444902
0.7791927405991029
0.7547664790525365
0.7408710928948737
0.7551213549919822
0.7404109338513863
0.7486168807342602
0.7635938469993259
0.7781360963444549
0.7660903642538096
0.7662748091948013
0.801776016649397
0.8368535070882067
0.8521190881821823
0.8325968573303639
0.8286189145612218
0.8133753130291874
0.8248325408405127
0.8171678550584808
0.7908644944896468
0.7834650153618961
0.7762330669669092
0.7928658721944235
0.7916424751654845
0.7999287443697821
0.8488052164251403
0.8665018867244423
0.8454560541980949
0.8099527304864157
0.8318530695814297
0.8326589345968742
0.9007910384967723
0.8928574366593809
0.9204120131802525
0.9386813496883242
0.9057046899743282
0.9433866583772722
0.9335778961661454
0.9081748263616963
0.9032096343234265
0.8751840918515319
0.8725044435369119
0.9526890091717732
1.168293086360122
1.1829018488117151
1.1382218996225484
1.2459236228138157
1.048465959031283
0.807444937517888
1.1303752851488909
1.0738187159384185
0.9391782358117251
0.8935064556098866
0.9174567618240594
0.9417345006044788
0.9031563031825607
0.8753057566434198
0.8817503639648072
0.8783081879592134
0.8096086024194981
0.7969728568293368
0.8502967117924242
0.8624480161152408
0.8505391768538095
0.8445487342614227
0.8481559516995186
0.8458506488585686
0.8240908153015509
0.8392930074552869
0.9334514272212489
0.9093196462551478
0.9486598906188558
0.9053678604068555
0.9226727729925477
0.9127689141199324
0.9182160336231294
0.8978551738597659
0.9281137640266455
0.9104429559819722
0.9086546455108876
0.8931766988666795
0.9104825291015732
0.9224843337199594
0.9039125521414374
0.8754609174161206
0.797091751330114
0.8174059528471279
0.8162338455692867
0.7727375253667872
0.8028360626012189
0.7925301891769654
0.7960248817557912
0.7993525796487325
0.7959758046860775
0.7946382967570126
0.8145623801400227
0.8064246094120958
0.7826415962896793
0.7774812192865352
0.7606710600942095
0.7591852101009446
0.7601876720675049
0.7810469996639215
0.7809694980117167
0.8067971291622745
0.7886057814128598
0.7999338904739021
0.8074369000995302
0.8390854179870747
0.8442482039403647
0.8588557979537285
0.8978710447450735
0.9136095727205852
0.9323591524424998
1.0001477349985117
0.982654361140489
1.0192827225898002
0.997491985807013
0.9416482624192394
0.9512293784863531
1.0245296966063742
0.9899879783765451
0.9950249950079185
0.998054462555256
0.9553884115284103
0.9944812213192441
1.1096540809879474
1.1583628770982732
1.143236691709252
1.1777834252298325
1.0883071997759488
1.1111902788646264
1.1968911726313807
1.1875391636204138
1.2474134225070994
1.252366946413168
1.2061179400338118
1.1913477690830616
1.2696997225399744
1.3062798722948075
1.22796299986561
1.2304599455591416
1.2534610533328505
1.2375575516934638
1.1873384393151944
1.2603523710100084
1.3302761759850181
1.378857617182959
1.5309033259933797
1.4868081501265773
1.4782398807775325
1.4720538715880276
1.383301609762339
1.3969135407425588
1.3555233091714305
1.2646567743391584
1.2474742930595364
1.2792801649390084
1.2342327438273728
1.1939394382705606
1.2454177476323185
1.2244656811170356
1.169699124303186
1.1262415414158302
1.13741115624262
1.1319735641686532
1.1503416148565038
1.054623283136411
1.0155088137808372
1.058959984760366
1.0591095400359605
1.1535960948806165
1.1917678276619437
1.2012920746321
1.1167266202775665
1.156838494910721
1.2252227522585066
1.1762538301903265
1.1763367356010364
1.1113770251760657
1.1609468811555375
1.1161182256139794
1.1407405185970523
1.0973512472632814
1.0850444879078887
1.1061312891828419
1.0491510395217083
1.0882791978640303
1.1247163911296951
1.0930975690542095
1.1194315112340503
