0
0
0
0
0
0
0
0
0
0
0
0
8
0
0
4
1
0
17
17
61
15
0
8
1
0
0
1
1
9
18
1
3
24
5
3
8
21
7
13
2
59
12
7
6
10
29
22
4
1583
1356
738
490
831
6617
388
553
582
366
266
511
425
476
320
1258
946
1524
926
973
995
998
1133
1259
1178
4756
1433
1594
1804
5704
2989
2496
1547
2220
915
1368
1346
1519
1751
1603
1974
1574
2186
2080
2154
4720
3454
2717
2916
2201
2178
5759
2780
11690
3604
4781
7473
7011
7315
6945
5050
3313
9235
4055
5698
4274
5624
12228
128035
14282
16920
22760
17161
21239
27627
26458
17194
18123
19953
17784
18200
20241
19571
19968
19135
19861
21356
18735
17747
19051
19574
17359
14277
12260
12946
14744
14577
11907
12313
10380
9484
12525
12071
13293
11833
19981
11642
14803
25399
40425
44573
16813
14963
22799
27487
18961
22861
22766
21148
20858
18380
12815
15900
15577
15066
16246
17813
17569
19133
23927
30107
23365
20464
18486
30849
48855
130768
107748
124324
107135
113373
111578
114259
136772
108671
129571
128568
127190
123958
136607
129847
123527
101697
52935
51770
52361
52772
58767
50422
39451
38140
41843
38850
38159
34589
33666
34065
39240
40248
46316
44223
46352
43495
48114
41350
45488
58421
54044
54289
53180
48552
31394
34965
58144
69325
68673
210900
234748
54263
57054
56812
67948
67732
69722
88402
70010
65795
64457
62528
59344
60886
69814
62099
64648
69144
67321
82531
77654
88234
79492
67610
91630
106990
78060
82085
93781
87643
98677
113961
113030
112830
118549
106751
101444
122458
131115
188980
137000
150672
144205
131564
146766
142582
148813
148127
165851
160687
154139
176380
178532
211281
294578
266251
290955
264122
330971
307748
178671
227520
185896
168015
188490
191046
215098
164363
206932
222561
237442
215720
183799
273825
211136
256457
236634
246909
206722
232284
230547
281271
393835
303930
282861
215970
392330
351083
345449
306116
415984
635431
447203
637501
1100355
1214228
1422441
1214869
1318198
1642396
1753272
1468796
1682623
1327693
1462091
2768009
2938780
3055603
3503767
2970784
3576635
3348477
3791944
4058255
3744646
4181096
5541332
6861571
5453793
5099183
5760688
5154566
5469521
6357147
6090261
6476617
7185790
6379864
7188720
6412828
6782016
6608653
5841373
6338333
7365885
6552898
6171745
6332710
5966364
6680076
7218465
6198917
7090622
7300581
7432973
9177310
8874972
7263107
6891359
6339125
8161152
8416810
6704085
7491216
5119997
5784756
6005895
6547562
7910423
7995101
8228730
5954493
6247611
5807725
4940615
6007626
5090302
5875262
6828131
7040515
6633101
7228236
6146896
5649532
5529021
6028728
5577446
4540132
5318675
6196493
5774396
5089705
5987194
5406905
5119914
6304913
5515428
5903411
6143388
5428741
4454943
4351905
4289486
4757084
4317335
4651253
4173371
4808155
5924112
6215512
5785513
5627708
4674692
5049594
4509866
4348986
4896739
4802147
4865742
4987326
5605270
5335985
6051209
6379001
6960256
6225236
5622658
4516509
5353813
5626099
5783361
6133489
6485783
6588580
6208306
5868518
5523578
6523817
7344084
6663945
7015138
6676296
6325164
5971257
6005013
6261905
6005456
5603305
5518253
5468355
5479597
6634946
6614819
6349147
5998597
6692349
6389930
7075670
6902810
6602136
5779136
6514736
6017896
5926012
6065413
5434709
4878227
3631411
3677975
3724682
2914816
3160976
3222565
3118037
3436941
3554769
3892580
3001486
2877540
4506655
4181009
3563413
3309325
3492471
3295464
3332072
4209189
3972270
4189350
4631149
6552129
3852983
3402645
4101525
4197646
4155133
3404889
3373143
2794350
2852923
4490310
3536571
4257161
4078992
3976077
3255182
3362999
4020338
4195442
3653167
4039183
3791493
3389758
3334471
3937083
3852657
4180333
4516756
4798077
3924512
3960528
4161885
4234941
3805326
4159677
3935337
4384921
2717637
3408587
3576629
3368110
3976636
3752389
3214431
3104332
4369604
3499728
3797173
3234455
3092749
2866389
3791361
3252303
3113796
3398039
3398517
3415109
2559105
2884896
3205700
3603223
3435506
3537347
4068887
4042954
4103287
4549520
3944482
3610285
3686145
3648973
2862996
2846890
3437674
3291532
4192757
3534160
3178387
2932486
3159907
3319488
2458694
2272676
2660373
2821562
2864786
2867990
2932713
2877436
3085339
3290772
3117893
2942071
2838237
3041928
3204080
3333885
3718755
3524826
3040312
3074541
3494182
4065765
3501514
3749057
3442445
3215662
3270067
3500834
3290425
3232148
2805742
2643995
2760771
2588860
2777223
2822221
2470694
2896840
2528245
2150189
2547623
2806188
3134204
2891910
2681173
3074238
2542292
2738351
2847341
2960099
3023069
2164669
2351780
2485261
2363038
2645787
2774437
2965880
2894791
2936544
2904095
2843202
2829785
3196848
3139083
3227993
3031483
2590194
2801718
3121239
3074508
2940007
3059929
3013850
3001720
3073635
3234471
3189839
3235993
3185576
3274651
2883478
2906040
3328058
3354319
3150235
3251544
3417849
3368100
3331827
3472723
3243134
3278172
3292628
3323288
2946344
3133093
3469952
3271599
3438995
3454066
3859841
3685332
3181148
3083273
2965841
3279237
3499540
3409339
3096120
3422423
4166056
3341554
3743687
4054425
4030264
3395220
2803321
3264888
2789146
2920499
2899537
2833978
2558815
2506634
2817626
2735162
2960238
3020977
3545836
2768885
2398526
2756965
2827755
2927141
2678736
2616619
2571302
2586096
2796735
2899542
2810675
2783486
3019081
3094885
3053068
3820532
3586515
3515638
3098155
2772351
3403244
2990862
3071409
3072973
2965988
3095940
3221723
2701269
2573427
2982671
2836669
3072179
3175487
2783561
2341519
2461260
2715022
2830411
2737709
2560542
2789394
2220131
2163224
2549504
2812984
2724185
2782978
3037173
2497025
2694802
3128608
2906240
2873836
2927165
2861408
2682198
2542952
2996534
2876950
2814110
2920049
3030086
2883055
2749203
3084185
2559488
2791180
2705961
2960176
2570589
2463334
2942257
2804420
3043001
3361804
2975145
3085921
2759012
3090239
2731725
3072885
2808633
3334867
2919811
2758118
2917826
2967888
2889085
3032533
3069764
2613320
2530966
2659525
3540279
2796441
3225366
2651451
2493981
2299986
2701397
2758710
3044292
2664202
2898184
2457841
2426669
2748487
2808471
2620276
2992402
2749776
2227227
2547249
2644039
2602463
2935429
2750114
2764303
2348004
2320245
2760013
3028732
3033640
2875696
2985899
2503637
2693494
2978345
2712081
2740486
2699164
2800120
2651091
2544955
2926142
2944247
2695080
3043510
2908041
2423493
2777736
2830676
2504533
2306172
2103734
2337214
2266314
2204497
2270745
2527657
2571276
2715222
2614865
2464697
2558654
2690340
2591953
2686787
2481002
2626002
2536919
2475841
2719160
2796036
3673060
3705413
3291506
2815505
2789000
3041087
3260319
3137928
2819388
2793402
2651108
2751043
3091017
2823294
3042628
3072612
3106458
2750255
2752110
2964652
2957254
3116871
3091005
3192093
3129074
3014177
2991689
3168324
3119022
3329276
3142052
2962384
2910508
3067936
3214831
3330640
3063792
3056115
3136823
2983214
3030809
3103081
3116543
2993744
2840853
2842801
2705638
2799844
2803385
2914051
3075879
3060800
2954722
2609740
2775108
2433984
3094451
3109535
3352613
2950830
3123694
3284794
2990684
3075598
3160827
2990736
3107559
2895603
3061676
3021381
3090156
3135061
3110952
2946250
2969651
2975688
3008733
2966407
3077237
3161812
3065084
3066110
3181295
3117257
3236866
3157072
2989732
2927553
2824120
2917718
3009959
3023371
3092606
2946231
2530776
2521238
2793207
2794010
2951269
3109978
2945208
2734534
2993095
2877099
2840726
2756525
2763168
2832891
2727738
2657981
2727455
2474122
2719853
2821582
2775697
2632151
2743465
2824733
2800715
2787045
3038469
3042294
3244244
2809389
2955020
3003552
2799293
2816809
2998301
3005469
2912461
3184176
2862932
2901463
2896643
2967317
2890190
2732499
2894055
3026207
2888668
2943481
3125348
2843188
